[3.5621072746626226, 8.583898471983119, 8.085213142592039]
[4.608962303018259, 7.135619300814241, 6.544831716334528]
[6.325539711633169, 8.649494434285145, 7.234221306203608]
[4.589727629668602, 7.863226359418093, 4.221211087229847]
[4.5704219095093634, 8.471622192521508, 2.7731161148061574]
[2.879871035648833, 15.96140664367421, 11.920809902928681]
[-0.566298625712605, 12.760251628777269, 8.644228265221983]
[0.5924927577336518, 12.293778605306343, 8.648330892470199]
[0.8698329410506602, 11.928000254661498, 7.812335220588636]
[-0.14059423177839392, 12.72368462999151, 7.134178010959545]
[2.2337639561819174, 12.73613004893869, 5.162660208483146]
[-0.24144509440252193, 11.981569632125087, -0.32396988897451706]
[0.3334879322536892, 11.27056023376494, 0.9529187597269129]
[-0.4364687504009197, 14.244578398452887, 7.201593372476509]
[0.0769418280754195, 13.537817297690111, 7.3921805342624225]
[-0.4778421955722223, 12.567632083039086, 9.384234580157113]
[-0.2340497810331783, 13.184090420711385, 11.76981384458611]
[-0.5798935702749759, 11.06405955710919, 5.132773100739229]
[-0.8530326216564532, 11.471324981228477, 7.096485516704064]
[-0.6242757371663288, 10.497704306373535, 8.100309576288083]
[0.05461618428212489, 9.766063557744545, 9.37534025012414]
[-0.9537940353530558, 9.409637628130298, 9.17291126420966]
[-0.41226248565729406, 10.095528673127802, 8.610410257866079]
[-0.5206423197504648, 8.996381425533187, 5.470845064803854]
[-0.03550022092993288, 9.717894016965573, 6.766402783077211]
[1.177623513993339, 10.82139604130883, 8.503904881826202]
[-0.6985544787398936, 11.847412614663028, 9.161931398532715]
[-1.596523132696177, 12.9157964105718, 10.40446504008375]
[0.4420443164565029, 14.43738029916318, 13.062338409316851]
[-1.2484462191416412, 13.398212502983782, 9.453944648088395]
[-1.048410390542017, 13.82350476703445, 8.164989490223064]
[-0.8272900938265337, 13.367395175392048, 7.4877505910677655]
[-0.2711181218121368, 14.257386950767781, 10.183436003812773]
[-0.33848116263990846, 11.546857726371002, 7.328031803563903]
[-0.9638948879764939, 9.393645949499387, 4.365306436800836]
[-0.23581340887749036, 10.311186813891467, 4.939299901566159]
[-0.6350354610891742, 10.291196844917891, 4.471607665426632]
[-0.026899330401676025, 10.622746766594815, 6.227558675962371]
[0.41541625274277294, 10.818631826672487, 7.382724319290702]
[-0.21054378160837928, 10.726020212105652, 7.768427477622993]
[-0.1921565517877184, 10.691000892865645, 7.562482802494799]
[-0.40341897186257825, 11.229154478296522, 6.9106415374171775]
[-0.5697269738846842, 11.258971422594541, 7.9372894701429]
[-0.6465581018209292, 11.717550456733733, 8.627501513221745]
[-0.3266549243655277, 11.851281690632035, 9.463464569321843]
[-0.3287331060953136, 11.644899500612752, 9.69930462393856]
[-0.6372190512038571, 12.026337150816005, 10.217637531747783]
[-0.1440531243068648, 12.252990315906544, 10.039706404285766]
[-0.5532777116752357, 11.284514666154593, 8.296698652536406]
[-0.40163648701638976, 11.208837615846619, 9.115518137831913]
[-0.3053081271305871, 10.767579465229943, 8.911100755389384]
[0.07975640615102009, 10.246088408772238, 8.82684846958108]
[0.31119409493943806, 10.565616413159304, 8.456058323695913]
[0.23193982027385118, 10.619148045777294, 8.490651638356155]
[-0.1082433020984439, 10.54952660796171, 8.564580583116282]
[-0.4113017117951472, 10.461848065855577, 9.252362480305294]
[0.14983740977807258, 10.247208860862216, 8.593022880896768]
[0.07588832817687319, 11.415534481892337, 7.700954251330472]
[-0.5285655631063833, 11.88924077403756, 7.4436607132463735]
[-0.5273154782876901, 11.79823593201617, 7.745868231502783]
[-0.022651734521602407, 12.300536463650218, 8.838417153894312]
[-0.16927990751194955, 12.495711657672672, 10.22360705585021]
[-0.35265184021524476, 12.249258446952197, 10.652299006345913]
[-0.694811281582119, 11.9205139473859, 10.418744740133974]
[-0.6352534089458146, 14.010828513330537, 11.587984865287979]
[-1.458369699467056, 11.325507779064537, 9.51491553326099]
[-0.7040795141497114, 10.934188670505748, 9.182327096877117]
[-0.39659179785513743, 11.049755660797913, 9.556176600935089]
[0.26171248978647554, 10.688185878458555, 9.066578206615986]
[-0.2311118357356463, 11.186012516458518, 9.185169711144312]
[-0.26988783556313933, 10.786781040144007, 7.01674127910232]
[-0.20081732117600382, 10.354478887477242, 6.564812154958759]
[0.5021840686508341, 10.570678480419545, 7.064328901052022]
[0.1515961665005534, 10.284221113249572, 9.826812273911713]
[0.4702782712111713, 10.998025950916215, 10.526304820963304]
[0.12792007176261677, 10.691217240621526, 10.322053017744025]
[0.544753237063162, 10.324915732094581, 9.755259629429275]
[0.12262370466996231, 10.265070653885886, 9.467189874845474]
[-0.8488563322408709, 10.906646279902162, 9.862871813709631]
[0.6860922207857385, 10.088080782884916, 9.459869988430881]
[-0.40094394889301554, 10.408997381487609, 8.02306389991034]
[-0.8550503926274757, 7.940002135127131, 5.7167635548489955]
[0.14326863599438866, 6.606824996975092, 3.8188875375001032]
[0.5527689848093758, 6.999383009513949, 3.5651168470569985]
[0.3881257580987949, 7.059474052647161, 4.439383805579411]
[0.5977647729461637, 7.968873286929252, 6.474142410710158]
[1.7864576122409517, 7.895174081891852, 5.509184556166133]
[2.1071276328800224, 7.708599774947189, 5.725882886888797]
[1.6369668900797052, 8.770094243524767, 6.676376012099581]
[1.484971495372477, 8.189983971818293, 6.269345491829853]
[0.8502358760663498, 8.196129540615132, 6.057556695788151]
[1.4393430993859369, 7.934339411474227, 6.507964683402292]
[-0.0725071997294009, 7.293726669702963, 9.211910341879445]
[1.4896336294823413, 8.41286701756259, 8.69748816653879]
[2.177394915760388, 8.663964369717576, 8.866909343160842]
[1.497549656138375, 9.417905120798437, 8.81104851276379]
[1.3098365228541127, 8.4217733750868, 7.114047569431676]
[1.8287697184736516, 8.564705403364655, 7.769613990794909]
[1.9531020729443185, 8.363010839081198, 7.039197995507351]
[1.8257856519272906, 8.353967348348519, 6.9704217154930745]
[1.4281672088529973, 9.376561849852791, 7.506380516766228]
[1.1749559298726098, 9.874957515009669, 7.929918849419124]
[1.0154017478489976, 9.813630857244647, 8.488996179035695]
[0.6196486790868363, 10.174120584616077, 8.895642229785068]
[0.8715008730432032, 10.185481697932616, 9.082749788306018]
[0.639129702535314, 10.266935753045374, 8.900812329302454]
[0.8915471042246708, 10.323757955198332, 8.854313214447501]
[1.1600383759652573, 10.59141005682396, 8.856115028559515]
[0.7633767281666053, 10.68045039232689, 9.016150377381166]
[1.512337951836173, 10.781836253012742, 9.94136749933574]
[0.7796741568052141, 11.083003656260914, 10.308818339596968]
[0.41267523885743174, 10.569829903655446, 10.270934906187534]
[1.1193584220601451, 11.111881241178764, 10.342154665592119]
[0.5627127163876509, 11.23176628244002, 9.892279036834452]
[0.37528961793253757, 11.286100008699194, 9.441633264026308]
[0.24823276128819316, 11.16371222741455, 8.400524309127775]
[-0.5911676937550965, 11.360304478066752, 8.011003253318961]
[-1.5907610024061398, 11.141563580148016, 7.542485797114665]
[-1.0150027666692267, 10.745277686399163, 6.433156634799417]
[-0.40781907879653545, 9.746269056270009, 5.656726221387828]
[-0.1699547753304671, 9.451439754065404, 5.972283453546055]
[0.6116254537053862, 9.682144797930363, 5.643711201867859]
[0.8051358706891847, 9.791486607295454, 6.7460673779746685]
[0.7212468960537564, 10.182414535509437, 8.37443598749499]
[1.002409191393724, 10.331226765040483, 10.319406216713361]
[1.0680158638655683, 10.427175857792221, 11.247894520359466]
[1.3584458346253996, 10.552419443208763, 11.979160909642786]
[1.2413842699175035, 10.473532269788492, 12.464758164620463]
[1.399441105166673, 10.399423299649854, 12.30694184577348]
[1.3238286745401098, 10.93518147320664, 13.238335547140053]
[1.2063406338129283, 11.12332590037866, 13.067263850174271]
[0.9924658174461172, 11.182606174318437, 13.528889365093278]
[0.41826094602946284, 10.439725027143353, 12.411862304499039]
[1.2880593746957487, 11.348956704527012, 12.749179398238908]
[1.1145621826125165, 10.703939580595318, 12.045826316031253]
[0.7464280576593723, 11.065894273405021, 11.595825212412734]
[0.1855234727138395, 11.305181679326537, 11.680760844120158]
[-0.5711710851647638, 11.391063589908299, 10.44826026078357]
[-0.5020100636753142, 11.53438508030942, 10.548187973073624]
[-0.5391938085444536, 11.886456718588533, 10.748068073837374]
[-0.14533324003862447, 11.931435936994262, 10.43265644244093]
[0.13387706796159193, 11.718335595758177, 9.876527340698118]
[0.11942305044354384, 11.692068875640771, 9.879312661406288]
[0.1773962521017154, 12.020374809640415, 9.298825505052804]
[0.19589560498326364, 12.026245709213768, 8.721720679114696]
[0.3947389748895205, 12.270973666991935, 7.524926299836778]
[0.38198005873246643, 11.965455445815152, 7.869039778141172]
[0.4319099123696475, 12.067983144062069, 7.673665676564212]
[0.25115307074032955, 11.75868733932785, 7.369036413183153]
[-0.01453538096899365, 11.966169374600966, 7.1032309178914375]
[-0.2972691600676285, 13.216006381077364, 7.321898128587719]
[-0.5682979477298176, 14.256151885995266, 7.4541044140265456]
[-0.416390438493238, 14.536214291181707, 7.4928294667255955]
[-0.819695949808235, 14.471199387765367, 5.954454104672919]
[-1.0072684169889925, 14.676036872170712, 6.314855050331516]
[-0.869039336840487, 14.520655166601884, 6.294081558514222]
[-1.0038464695241203, 14.650353445476654, 5.926649723001333]
[-1.0989390919101965, 14.55588318928514, 6.193244480678999]
[-0.5559929506693209, 14.626250478795399, 6.481743547385008]
[-1.1303260120106415, 14.732804824120052, 7.076383247957722]
[-0.7843663238437273, 14.992117311293256, 7.142324443332058]
[-1.3865622380200477, 15.826402586203443, 6.739782222061109]
[-1.0702746414099664, 14.991192535605805, 5.363346509753654]
[-1.066759365518692, 15.102451441134747, 5.601849613062399]
[-1.300041156322763, 15.090362084394869, 5.548555752110872]
[-1.2162611120078282, 15.237991435157738, 6.796159026229731]
[-0.9772631277752026, 15.003259224657327, 7.125230126930347]
[-0.9648085200259828, 15.3220623939811, 8.037841043913431]
[-0.9987991378241503, 15.501212835810193, 8.326726250291728]
[-2.2393939512649723, 15.697931229447804, 7.400519852995899]
[-1.9444591731901966, 15.970906925386473, 7.915989404669233]
[-1.8703716758493698, 15.53466117577345, 7.4688379611881714]
[-2.1705142199025858, 16.02828999951612, 8.60590028746168]
[-2.7609618753548943, 15.996014224145185, 9.018646887302936]
[-2.9037658848580605, 16.1998445491204, 9.223957022243553]
[-2.8924649582487945, 16.213697649072586, 9.455706423228975]
[-1.4950608556861056, 15.71641644178247, 7.836259749283272]
[-1.1102004102535403, 15.824882222006607, 7.355384521713148]
[-2.227833569346373, 15.851986994628092, 7.986130170388037]
[-1.257721037937415, 15.631574196377557, 6.61963686156804]
[-0.6131796157858531, 15.371335653387149, 6.606209456124304]
[-0.15557660872445922, 13.932137269311482, 6.32629067149071]
[0.24191113083357152, 12.437461597657673, 5.735547078099984]
[-0.025613730188624118, 12.050793271240764, 6.285220605710748]
[-1.296941096010272, 13.120256847251468, 8.581901267729307]
[-0.13306011456012357, 12.639977571055127, 8.795683947576379]
[-0.015255550154918751, 12.841058835373161, 10.2559533061916]
[0.8283146350900523, 11.620173182117014, 8.757551904112944]
[0.8431751696152361, 11.701498597960878, 9.01275050453006]
[1.3222936542519932, 11.61056307032645, 9.209849814505219]
[1.3667562711777634, 13.10639219621828, 12.065076979415807]
[1.2073564389095708, 11.641530507342495, 11.906326332481939]
[0.5790582328874052, 11.908065871843036, 13.348982559611812]
[1.1172716433992917, 11.065849610816755, 11.073710247291388]
[0.7858539219103733, 11.20375626904837, 10.995278519645382]
[0.6686466156312463, 11.089583198521808, 9.936655727935033]
[0.6123042527165836, 11.2492967359224, 9.577326344296551]
[0.4433928225186037, 11.259573461319974, 9.41511816501216]
[0.6085597049319915, 10.952358947011902, 9.728412786552667]
[0.756390783083333, 10.417003684261417, 10.01204081914915]
[0.8814890121312828, 10.669969043576614, 11.186774648280903]
[2.3936015200804803, 10.16282641231507, 12.613396419444484]
[2.200917456151629, 10.081281721239932, 12.963075110322194]
[1.8230741150843386, 10.456730651706991, 12.732132579065706]
[2.0018555666879223, 9.947764443353805, 12.211321431233046]
[1.1849791764916944, 10.310498156004641, 12.201211242397392]
[1.7266641234270281, 10.705754703553751, 12.730548774577102]
[1.12043788959933, 11.263671605337535, 11.827121650728287]
[1.6384828909401534, 9.700876851377032, 10.727501658497147]
[1.136334992569573, 9.88605671965054, 10.793662777181453]
[1.8426860363990443, 10.93116512710401, 12.619823120126512]
[0.8851890055773879, 9.79714756190755, 10.749442519291222]
[0.2635374442872944, 11.288921217005864, 12.444709556056068]
[0.13435271747961508, 10.324026929890579, 11.365558347679439]
[0.3214400263713486, 11.14363346429488, 12.834420130917238]
[-0.5602449918401788, 11.59020683673046, 13.145317698876596]
[0.32860391497284525, 9.99715457484507, 11.751338050637514]
[0.7587039915411964, 10.170326817877438, 10.632417923974458]
[0.3559813984496145, 9.83861100391853, 10.836358200551132]
[0.8682803415438229, 10.442308238639129, 11.343235096543765]
[0.988175499735604, 10.882325728246798, 11.642107936055766]
[0.9358522207574538, 10.542466717868919, 11.194525002739312]
[1.96593369535087, 10.976314328319376, 10.647945694793805]
[2.1444981653734203, 9.221067853464291, 8.222767397706065]
[2.7147555132954295, 9.465980240388873, 9.096692601424536]
[2.2579440742163968, 9.10897128297141, 9.84998905760284]
[2.812870538400645, 9.606576473690126, 10.5676778043877]
[1.5497913939448154, 9.512057682908448, 9.365087732343085]
[1.6628838795289766, 8.554362033930289, 8.730929687631601]
[1.0815241361525665, 9.067994954895482, 9.070786815626406]
[1.451464791903689, 9.34863368518748, 8.428423598492827]
[1.0495129216933208, 9.42351437523648, 8.061968375239303]
[1.7373533537354007, 8.730785680731813, 8.198893411778329]
[1.615954056566892, 8.823167900603721, 9.091717586820408]
[1.8564352081313302, 8.953291431043425, 9.082284703945163]
[1.6657731012784467, 8.900023226969694, 9.190078156003608]
[1.9519160987669153, 9.11761040296193, 8.527623397567453]
[1.7988454404766259, 9.186676016564803, 8.652404915206176]
[2.013217341929632, 8.75339863884875, 7.922344952949288]
[2.2216526390049864, 9.468364095432847, 9.245850896519954]
[2.3192596843543924, 9.068172909752647, 8.411205223015742]
[1.9479609286491382, 9.283468595282955, 9.14352269414718]
[2.4674841932657046, 8.968148750137928, 8.810520954498685]
[1.9135926117563997, 8.459575479936504, 8.457931667167884]
[1.5869578086451241, 9.929592142078192, 9.984021533912568]
[2.4015771004645075, 10.270193680986921, 9.92125313745197]
[1.8280246616157285, 9.656333716059905, 9.105414487916619]
[2.504585109253725, 8.97022909103741, 8.565696539170546]
[1.419126629659175, 8.726083996240902, 8.252321101386173]
[1.5318502677363028, 8.419180958038467, 8.603897062700696]
[2.9432812302176217, 8.106402371521028, 8.280341237815293]
[1.9297588657995135, 9.94418786088741, 10.372792815155123]
[1.9998289930068722, 9.494394247994407, 9.849360263761952]
[1.6571663421353406, 9.592138667811525, 9.91702152436838]
[1.6167847156250446, 9.510710025324926, 9.848164913691733]
[1.7474562030523515, 9.094397544420687, 9.562260802130965]
[1.8687320071443168, 9.07660193219047, 9.52637478346486]
[1.8940593253665554, 9.321456285521862, 9.064186665141875]
[1.7631763117412191, 9.531251689331754, 8.761510847928946]
[1.6607211931382722, 9.522061308019829, 9.213912107733478]
[1.6437144954441862, 10.028834747648958, 8.939288794023867]
[1.6709659283055487, 10.68852136780356, 8.858520892704774]
[1.6576169139475496, 10.447412837137122, 8.036074778377042]
[2.855339558436498, 8.591522668140897, 7.916931301342657]
[2.837461640576535, 9.774690176335653, 9.847082789742757]
[0.8380079705982695, 10.388559945080445, 10.493217054249072]
[1.979717158685034, 9.48558483415141, 8.707794241567768]
[1.7574842428967798, 9.188128398903515, 8.558709592249414]
[1.4900469523762183, 9.11208191285688, 8.59640782104384]
[1.4624814077641588, 9.29101128984658, 9.392857964571846]
[1.1965961561656258, 9.269831963571846, 9.636198103817378]
[2.1701177622444447, 9.362158669260225, 9.199386456508961]
[2.064920898346301, 9.378683117374706, 9.368715346782835]
[2.614148611416624, 9.42325926992035, 9.05224318567349]
[1.649466020079501, 9.214211876341096, 9.574058194512077]
[2.4073268974989332, 10.329662884444232, 10.643876870097614]
[1.370471950803534, 10.12084167340754, 10.543111618477155]
[1.1707174361600892, 9.459752126677756, 9.940631518275183]
[1.4078390281026003, 9.686262185394952, 10.353146751255593]
[1.524028605410109, 9.968673580159418, 10.348698587552235]
[1.942341558943255, 10.136572854640292, 10.354757346001946]
[1.669154848791095, 9.855708707485164, 10.74361999433799]
[5.168079542035301, 9.234894536531755, 12.904474088562552]
[6.0294332880252455, 8.02097950837323, 7.195153852192988]
[0.1447687728748832, 9.615054537199654, 4.52941300935683]
