[3.658554344489346, 13.141628542537902, 5.4315191849498206]
[2.4895991054133475, 13.431636644199898, 5.329751824200599]
[1.5523459342083328, 14.9792733157432, 8.763055077356967]
[1.7172758603905294, 11.017957862018505, 6.993510007253519]
[2.0098939754200416, 14.410952990219613, 9.457893916530793]
[0.05485514705422645, 13.240794235239662, 2.400883538732103]
[3.5669312668824347, 13.130214458665307, 6.07381740322927]
[4.488787496848673, 11.303112790254119, 8.214254525789727]
[3.997213326563468, 11.278400090399003, 6.2228656445916215]
[3.8782734373643564, 14.588249760098904, 3.72414343403031]
[0.941247003791247, 12.668296877951263, 5.750286421680443]
[2.143293919055992, 13.507683996238384, 5.087775598448786]
[2.7774565818909878, 13.040653790020045, 3.9399975352648084]
[0.6705682454746977, 14.615250215572388, 3.1818543212784505]
[0.7678276116189693, 14.504747174005658, -0.5805230610046976]
[1.789753767998377, 12.890625097259033, -1.215864640934626]
[2.4043166709887203, 11.357694893852312, -1.031414365500126]
[2.9161104195046477, 13.09965447084899, 3.21893293674367]
[3.56072022247551, 10.919683060035524, -1.962028392911492]
[1.4092489126973362, 8.485985234205529, -3.2553634632222384]
[3.2265773194446723, 10.480970082717434, -1.0571692392609293]
[2.0287440241915817, 11.95295348406529, 3.171729026133903]
[1.9474835427374302, 14.20263946432921, 2.6560202579751433]
[-0.28441002111374303, 17.21602382462636, 5.871538053853243]
[0.4450179190003922, 20.05357757233034, 8.517201548776256]
[-0.891877656328333, 15.149803617570342, 1.4931709025739224]
[2.098982461924308, 12.499457238545986, 1.9055690166701993]
[0.9153298152103275, 12.651348573138193, 5.51393317673822]
[0.42791788377635953, 13.095616648572346, 10.73601061937083]
[1.2119735877271154, 12.082873554746953, 5.757291427178018]
[1.4560129388953982, 11.079386211023802, 3.0602636955749745]
[-0.012166980027373597, 11.604100449480981, 3.872262320131938]
[3.465936161616739, 11.593162629611768, 3.3215903726745353]
[2.652723307525676, 10.441272392994222, 0.0815496842035941]
[0.14653339876116434, 11.022452583565737, 1.7646911285274598]
[2.0824228434094323, 6.153405368867794, -0.7975233536165831]
[2.6312062563571885, 9.088768728052685, 4.601034591390146]
[1.288903075294897, 18.426582333977677, 15.78704191037778]
[1.7744624048677338, 12.206086642414618, 9.331178665277577]
[1.711294599567836, 10.763943880949014, 7.249902880503839]
[2.356072027399037, 10.87866786685835, 7.5195273706525825]
[2.4133306733710214, 10.690434592344275, 7.3018065416515014]
[2.65030806906897, 11.028098132268298, 7.6334376567082245]
[2.058306298504732, 11.506041756551383, 9.632331229317458]
[2.567121294814683, 12.425160789118394, 9.321370018528938]
[1.973770832444643, 11.099674736286772, 3.4515871099704043]
[2.1814072927265045, 11.244512202223234, 3.7726428976499733]
[2.6175036008473427, 11.862282439930581, 6.41249853595545]
[2.3589675584324254, 10.814008348177609, 7.600793080714965]
[2.3919929008147847, 10.205424435717163, 6.591839273746018]
[1.4975604118499888, 15.563575876298827, 13.62706324252514]
[2.226032771409834, 15.9674313362068, 13.009425341179906]
[-0.35159360443998366, 11.822044504497285, 8.828449960283848]
[1.8749185000231847, 8.686669472119519, 6.254105591978885]
[1.7144676401349983, 10.2521147300654, 6.669093529057989]
[1.6884267736685814, 10.3012969574567, 6.263220126582638]
[1.7716576362567054, 10.619937392904703, 7.873062928566213]
[1.089202306222532, 11.182349845324282, 8.599732057250776]
[1.5348881759443174, 10.435120619282088, 8.678890793657132]
[1.9756857798599867, 10.15991084488725, 9.241967005838092]
[2.211201146090417, 10.76646253252352, 10.092412675361658]
[2.1898066564386625, 11.500090535178074, 10.17359181806708]
[1.1881593359936033, 11.780413991473253, 10.42305496427494]
[1.2723867351249396, 11.553815894793843, 10.370210139989723]
[1.2315887333012654, 11.498747680062209, 10.07816782006472]
[1.1372074449486433, 11.53669320076476, 10.631796998540892]
[0.9161685080314186, 11.508646004835398, 11.250158243692056]
[0.5651880280490786, 11.59527969085164, 11.85924871968345]
[1.0952711381778784, 11.132388898055808, 10.783023386531227]
[1.2568954173647313, 10.962395460559392, 10.995678835894353]
[1.1992490107346754, 10.565767962010582, 9.681317079464804]
[1.709765077738055, 11.136013664607802, 9.394578920476675]
[1.6621320458865085, 10.566766510215643, 8.724550476869751]
[1.9590463904173419, 10.575684126449872, 8.50919105108801]
[2.0048340180160125, 10.83745876681553, 8.844066782227344]
[0.4688533328511113, 10.396014334714891, 7.806085634700622]
[1.4545231791035462, 10.323774255105334, 7.542896303074144]
[1.621611934097217, 11.038532601758149, 9.467571983745756]
[1.2437363478667152, 9.81974223636847, 9.887371557565643]
[1.3261901822240532, 10.240350104409856, 10.32297401888357]
[1.7844173207325014, 9.685906317362992, 9.340896126103047]
[1.6252877927544347, 9.83272303281798, 9.211333267743953]
[1.9604752570412387, 8.929755248377703, 7.353342131340526]
[1.4161853015798016, 9.829329188924376, 7.97031485535814]
[1.7756918721535868, 9.659560541064764, 7.43726593470106]
[1.8547279877520424, 9.972324785866505, 7.467709878711759]
[1.407759667415064, 9.714299997858788, 8.311257292336933]
[1.2152821275331434, 10.36509189224941, 10.051684374338919]
[1.3786709769841394, 9.83849500729589, 10.110818390527385]
[1.0165297370520818, 9.498984985715325, 10.214732418322939]
[0.8954616885576456, 9.479281112816125, 10.23642294904576]
[0.7244183244308715, 9.580721698332823, 10.38435632080072]
[0.536867924426943, 10.154124423768991, 10.838180080877919]
[1.237469457479122, 10.257126001836426, 11.785465724407828]
[0.5507412136622776, 9.52865364037909, 10.871413132206158]
[1.1207728344091947, 8.841009364720605, 9.928804769471412]
[1.1906283292344284, 8.808928672711275, 9.738777137385824]
[1.2952650442841502, 8.665794543175068, 9.495813265541699]
[1.4437755861574288, 8.311896803054736, 9.222855846000328]
[1.916733314115632, 8.91670543055588, 9.943211217251473]
[1.720657960036604, 7.968643706579755, 8.906413945055448]
[1.972713026395212, 7.857956753508304, 8.961552224820082]
[2.0280041550734325, 7.769656126202989, 8.861259906476334]
[2.210192209170984, 7.7106563041154885, 8.77310413627228]
[2.30672495091234, 8.10445122513444, 9.087439345762704]
[1.8721353772096023, 7.601616514630436, 8.527924547896873]
[2.2940001800685224, 7.797178925644985, 8.589910172858424]
[1.8963633019196493, 7.537965834765899, 8.390744070262912]
[1.6643598421447905, 7.271129442636621, 8.154796316593973]
[1.391101747192863, 6.906995620668326, 7.8644988888573835]
[1.541585982845291, 6.80904163167304, 7.576856371942114]
[1.4325060000059295, 6.567313343213996, 7.322011112307507]
[1.4400594973631655, 5.525355261031109, 7.102009668859921]
[1.3578666012713683, 5.095423329453496, 6.18363009681164]
[1.450005356980867, 4.329665580897284, 6.124050032660165]
[1.5107235221158533, 4.620052520441405, 5.306718241338558]
[1.7612997851593946, 4.080615947449388, 4.905813346279729]
[0.9315742487028729, 4.333210003047924, 5.561024505372615]
[1.241110308782936, 4.095724869388221, 5.196467117239365]
[1.7297065870721582, 5.047868460939085, 6.15269385538997]
[1.7120737114711915, 5.496322227037325, 6.44417412875643]
[1.633560014612513, 5.690503538826562, 6.662589293175245]
[1.2722248167842167, 6.350315402472177, 7.030049802471922]
[1.4491946365628365, 5.388031360531997, 6.4493531996241416]
[1.0596157568108708, 5.442959039830555, 5.284478851241602]
[1.5885319520136818, 7.250427926159631, 4.395955032539462]
[1.1327481471379315, 7.583814785632228, 4.180123274414797]
[0.9619031123252881, 6.895956473285622, 3.131537862983407]
[1.1148534411869804, 7.11405772568861, 3.4099703320445087]
[1.2573662247356054, 7.028260109622536, 3.234311690268669]
[1.2343825020860635, 6.661628012403966, 3.04633510307994]
[0.9950403049981986, 6.726285672267551, 2.993888745974772]
[1.0543956364958547, 6.249883458070954, 2.4669791125149914]
[-1.682251781781332, 6.776311594674667, 0.5846228889383553]
[-1.8993348390430924, 7.349745459188071, 0.8174072210072438]
[-1.480151092010587, 7.945962696319654, 2.2601098874287118]
[-1.5054332701300979, 8.89665001261639, 2.9758225684515196]
[-0.523050078404367, 9.47334631763647, 4.138667471017072]
[-0.17966886719040076, 9.561992641554198, 4.402700058195933]
[-0.2910950557896115, 9.244606954653875, 4.271773372845814]
[-0.6174201560244654, 9.565089496586651, 4.195026228065387]
[0.34746268699166194, 9.431643003200179, 4.063807281114208]
[1.1168147358118006, 9.528969639836632, 4.501869415993099]
[1.0829512739427543, 10.262767589016391, 5.015847580385781]
[0.7743613753053467, 9.648210740664354, 4.155448883498565]
[1.1676296394764165, 9.471221166503213, 4.224367267570983]
[0.14474778943196043, 7.844856464023266, 2.4157067176291775]
[-2.8326117527411867, 7.394009696359831, -0.043376786972743275]
[-3.7681312525691197, 7.11051846138993, -0.7178204612692696]
[-3.87295772901345, 7.802691789399944, 0.5993434775580511]
[0.004549155243083192, 6.667915706836396, 2.240203503743146]
[0.5011510265101862, 8.66714909862334, 3.9954968661919565]
[0.8657687521916841, 8.933418589759455, 4.501301623234866]
[1.0327226352664667, 9.149688057999342, 4.759644333727493]
[0.7953322034955903, 9.395794981595529, 4.78591974884165]
[0.8177158487219174, 9.297857303000853, 4.820042397914335]
[1.4580200306587727, 9.659495114075767, 5.490075713087009]
[-1.9057294842751276, 12.434496700192298, 6.053395007890543]
[-1.5236900202322232, 12.734480994320364, 6.483949294934234]
[-1.1501665306467714, 8.393211505749463, 2.3142781483634565]
[0.5828108794438549, 8.00099466671334, 3.535466243019755]
[1.2178875209169888, 8.647180563614356, 4.538254915384414]
[0.8918516081480021, 8.518485003146921, 4.068998212704173]
[1.6551634891081193, 9.163175410416855, 5.135223173877137]
[1.2151887041993064, 8.97008503068649, 4.5614001195806395]
[0.7577838037739895, 9.138931864265658, 3.963213281388988]
[-3.4344352517842225, 8.618084001690278, 1.5012835157021414]
[-3.7344990559491578, 8.597421339504834, 1.476472316214398]
[-3.2680704370183378, 9.958804207795183, 2.74109789294252]
[-3.857914805353815, 8.593064959345028, 1.7466574684252976]
[-3.530803575625356, 9.79057742110659, 2.655552809632894]
[-4.876817011031889, 7.854702253455301, 0.08812048461430777]
[-5.2110115789602105, 8.559241408033188, 0.4015092956481965]
[-5.005724628179308, 7.972699276223665, 2.36737239358402]
[0.4212388783005281, 7.9894931839452425, 3.634291817734237]
[0.30009698874830804, 8.407774006310333, 3.8804410254333845]
[-0.33527990379185724, 8.866517618045322, 4.201502448966323]
[-1.232649897896664, 8.740673436796257, 3.98369636522537]
[-1.5331117031780792, 8.671116152251699, 3.8555105492609982]
[-0.9718723594230738, 8.843932738275043, 4.754785085074332]
[-0.8228122425397402, 9.168112557865271, 5.790618470335119]
[0.8467176710836526, 9.746440889877448, 8.145663526450022]
[0.701450915538345, 9.559168936658082, 8.30886990778248]
[0.8945266009214663, 9.95911397077532, 9.09444571734224]
[0.85859359791651, 9.826207998516736, 9.971303192996288]
[0.8329551171351426, 9.496209099330656, 8.758116903259832]
[0.7662066755536046, 10.88118011988179, 8.217056825572882]
[0.16881450961467692, 10.024124537228658, 6.253768217689725]
[-0.2171693240928363, 10.023062157627692, 6.713088295395892]
[-2.4020459014968907, 9.436882776353855, 7.192803135377062]
[-3.128455510369932, 9.263768289679092, 7.504748601698935]
[-2.406188954322687, 9.278177412850596, 6.559270795474362]
[-2.8087069512661174, 9.532567315262853, 7.096621889749173]
[-1.849790684677302, 9.164615645062426, 5.40844088627756]
[-1.3441282885352877, 8.85056985264923, 4.490736457411231]
[-0.4799578938519744, 8.934346469214205, 3.912509801788474]
[-0.7859225167478883, 9.533942679208351, 4.265375050424183]
[-2.5663664929547565, 8.629103739542813, 4.049883095812106]
[-2.093675205298922, 9.84883444400134, 4.6298945303944095]
[5.661635754223184, 7.778364386362185, 3.7287076333589084]
[4.1292549916480255, 10.334517442233306, 2.8587023949795025]
[4.199752042502766, 10.440601549814588, 2.387641224650366]
[4.257173684625059, 10.61845674267363, 2.5592078900585875]
[4.026979021662953, 10.446550413670437, 2.558690291905066]
[3.869673454949975, 10.146178702453383, 2.295776522142603]
[4.321319951510247, 10.199330255559147, 2.168726382877054]
[4.080183899081078, 10.516126825974212, 2.342224530563925]
[4.133775163207289, 10.285047276780944, 2.0359062680003035]
[4.754193199812278, 10.300478948864566, 2.047031799412622]
[4.143282611037321, 10.283589242450418, 2.618065904804638]
[4.142034069374176, 10.078809866039805, 2.717171584196791]
[4.517655596227954, 10.549792077213255, 3.0995699749568075]
[4.511939454763819, 10.322755693364556, 2.8882729713462254]
[4.299082322864322, 10.328785548746097, 2.8372025213172662]
[5.4201836958318665, 9.938138262237814, 2.4892208999302454]
[5.522198696944798, 10.164747317759705, 2.02816927709182]
[5.9422235204918366, 10.307586786016415, 2.840197190741094]
[6.003919839652369, 10.249584366821452, 2.535277350344046]
[5.905239565236883, 10.218960261987391, 3.087882931922792]
[5.89898782208634, 11.212275126813495, 4.363764246500239]
[6.171678698705094, 10.241792828160726, 4.552547717790475]
[7.163369328773115, 10.470748089117095, 8.472722065888433]
[3.047803631378102, 10.193543654123616, 7.37784775273235]
[0.9726122129324892, 8.579755886182355, 5.549070898541686]
[1.7227342499169822, 9.17477362808387, 6.2880204168256455]
[0.10176088112351067, 10.369344503349879, 8.114658787383576]
[1.5204148075586374, 10.103409360541548, 8.667456349166372]
[1.6271299545386881, 8.993844686095585, 8.07158453819946]
[0.41979536182346067, 9.729282548634941, 10.353233079087602]
[4.97207373970852, 16.77268795143216, 16.95346488395893]
[1.106534211515779, 13.219651903429721, 10.85693240297931]
[2.055593440695347, 10.173025200921828, 8.930996190868342]
[-1.5501610623186792, 7.7373218086066515, 6.243246590165285]
[-0.9047218840369453, 8.267174737257818, 6.972352799540602]
[-0.4681564700638319, 8.10669181407333, 6.323110790903144]
[-0.6003418542375982, 7.845689067201604, 4.782220896361878]
[-0.5342063229229979, 6.947859635877023, 3.7279521191360914]
[-0.15467596002672224, 7.631903417941999, 3.5401569423777346]
[-0.08589534316092795, 7.492915827700742, 3.854893337236007]
[0.21916343071407596, 7.932653320560462, 4.804618866295698]
[-0.16841237789324737, 8.673995401604486, 5.846526625408899]
[-0.37540757806681313, 6.966749819988678, 5.029124325131278]
[-0.061719329595305794, 7.26224594382461, 5.011248828989295]
[-0.10378766969321873, 6.417516369827936, 4.7852474404402585]
[-0.28169763640489975, 6.948153536213653, 5.007553822818636]
[1.7607515315330886, 6.897513052278185, 6.477754072280931]
[0.5365855017449519, 7.306508688315219, 5.864865061204114]
[-0.34658031974328196, 7.8357660879056965, 6.952491328668913]
[-0.9155492594081238, 8.753364965286323, 7.523870896948267]
[-1.274012498030416, 9.604831220614244, 7.557130211289461]
[-2.5178441552269533, 9.700104036555231, 8.113747574827215]
[-2.6412517721220183, 10.64394532050541, 8.95698549905677]
[-2.5887635798533353, 12.274419246485706, 11.211020774570471]
[0.8650344815064415, 11.292697186331097, 7.829782818409399]
[-0.5945962674356196, 10.468726737376983, 8.696389286109024]
[0.6145572815508729, 12.229049571923852, 11.409396219627126]
[-2.8907960419363263, 10.923496138450602, 10.885013198617003]
[-1.0443019345060378, 12.229867299614511, 9.759133216856185]
[-0.16919459820323368, 13.159113338097583, 10.072365489625781]
[-1.8855655177880521, 11.608642476092484, 9.132415578768928]
[3.3480296710611555, 11.727748124628022, 9.38048653570658]
[-0.41512862832219355, 13.005771866834635, 8.553816645122453]
[-0.44028293995476986, 14.965829780638131, 10.340430174131342]
[-0.5427579894515304, 16.734260369685217, 11.48072312514364]
[0.04106337117553949, 15.069734788461773, 10.442655994027518]
[3.9679895970632657, 14.003408273338536, 10.681728870511137]
[3.7121302322001952, 11.969035078227037, 8.433971364635568]
[4.880055416471137, 11.319530343404779, 9.037540596906553]
[4.298375807060282, 11.440186965824367, 8.321712774833344]
[3.8905993777571695, 11.293016273649002, 7.120247367795855]
[3.987879698552206, 11.325322839157451, 6.902509214092248]
[3.6656614740942075, 11.8970142479441, 6.661754579909854]
[3.6268746523332283, 11.944011759031056, 5.873921779187754]
[0.5181744774514669, 12.513754431173467, 4.643682449343174]
[1.8610587588213292, 11.531460360496098, 3.7340296950021923]
[0.3379516174073416, 12.421068601220611, 4.393404267637152]
[1.3829425383057412, 11.713486330037384, 3.4839339283669233]
[3.3167402881065584, 11.315427971516627, 4.737488123043647]
[2.457619342413082, 11.487950479731396, 4.630814567982327]
[-0.20416782124917177, 12.191131843969387, 4.5670433128379955]
[2.969353861518897, 11.404330547077862, 4.6698543339360015]
[2.894580732618806, 12.108251409087387, 4.5153161838671565]
[2.7714749464314963, 11.798765328871582, 3.8800760896160114]
[3.05378331127514, 11.945361010508549, 4.302132517044583]
[2.2723384887173523, 12.324176225781201, 3.6860036392953077]
[3.2771901493830597, 12.307373871542978, 4.76324082885327]
[2.6969078562221114, 12.369109760916913, 3.9646668874514432]
[0.19435517466277474, 21.04510354031956, 10.22388534265562]
[0.6879199304737824, 21.414667956384065, 12.219526738510808]
[-0.47518513559793973, 15.013877944354547, 4.1979282678815935]
[1.4940919810623683, 12.493543978861382, 2.4427478821882858]
[1.1972573385681642, 12.202040283628065, 2.3682360363680743]
[2.2507601307630125, 11.882128941514225, 2.638468867745786]
[1.22079356920014, 12.58568008660302, 2.848484418536117]
[-0.6325523012641128, 13.386399368082081, 3.275104064419452]
[-0.6085040784155069, 13.514815732305209, 3.5875561777464497]
[1.101571272177594, 12.221564536614906, 3.091100134550487]
[-0.520013339233671, 13.911010303106366, 4.933924545737881]
[0.2780569918139548, 13.132867239354965, 4.323924742530835]
[-0.8615635438751212, 13.149892309804287, 5.749770070371483]
[-1.137794797500419, 12.642812626145997, 5.273797119260479]
[-2.882503044932875, 11.814064048206774, 4.656063086273122]
[-3.0161536081723455, 11.843626160491084, 5.262496024425445]
[-2.064980557669969, 11.666462569471506, 5.752234406483012]
[-1.4724103861419593, 11.506233936966737, 6.003875703696735]
[-1.2330898398296313, 10.465313745343181, 5.745355940178484]
[-1.1264436704057061, 9.906333574973914, 5.320232554044651]
[-0.7471313714841727, 9.941421766436989, 5.288755631793265]
[-0.5630279082769931, 10.394058270789458, 4.98145716871673]
[0.9917657996566049, 10.919107685673012, 5.677760173704314]
[0.1649510493872839, 9.962264419864638, 5.735894771483629]
[0.683569932703719, 10.997372262716212, 5.429073224166075]
[0.2320129466783385, 10.746071338921993, 3.199654713993141]
[-0.2761543025019222, 10.875724722527735, 2.759247563624939]
[0.2376572589953838, 12.480008516336241, 6.032548833810694]
[-2.0033985208782212, 12.453308905036238, 4.910516981078871]
[-0.2909969498880116, 12.839601507903112, 1.1291818229426838]
[-1.55207712101452, 14.032680526278753, 1.8222742649243742]
[-1.078567850524152, 14.949524578045867, 2.9681945945471853]
[-0.7696462656788725, 14.944281802529574, 3.57357210589592]
[-0.8278041104806562, 14.443990625774603, 3.593046441739233]
[0.16520450918368113, 14.945044223457316, 3.799677059083706]
[0.4643471294985204, 15.161390937396462, 4.074393643212574]
[1.5446897697878939, 14.813279123719383, 3.5319371386227942]
[2.2004678959976616, 15.394538107376746, 4.093843099038537]
[2.7908370154939774, 15.459856253740767, 4.550546538925033]
[3.0028627208312315, 14.175954634719744, 3.1710287642030437]
[3.6845497487294523, 14.365231474800197, 3.0274031448723235]
[2.702488219087556, 14.959218535935477, 3.7419588038841027]
[2.6132109778576194, 14.883915135388307, 4.125684039361545]
[2.352003560801691, 14.694600692246055, 3.937637942514442]
[2.097637921001848, 15.196018367458677, 4.784940395310116]
[1.3327976856950983, 16.362501317926913, 6.975528864357898]
[0.2810095781487121, 17.648769725215956, 8.63032659929874]
[0.9043871264058652, 16.15265421905815, 6.870585587245159]
[0.9258087250678386, 16.165833231986, 6.435827956685046]
[0.9658471852153099, 15.87523089536323, 6.344687739894937]
[0.43911773873293214, 16.613345164989482, 7.406397289389503]
[1.4021164598941596, 15.609489742266248, 7.072510832529645]
[1.0918302436114118, 15.681495154809696, 8.424004181367224]
[2.330657583314135, 15.270527301395276, 8.80097987884173]
[5.957475276918402, 14.595386263226018, 8.748406961068724]
[0.2751038657001317, 14.319619343831718, 11.610641596805124]
[1.2662851029338782, 13.481107335078661, 13.829418046690705]
[3.0142137240805624, 13.835746667327356, 13.495304569340277]
[3.2718395538225877, 13.296903983656165, 14.533469994299082]
[3.100703954273442, 12.546297416230672, 13.507537532875347]
[3.7309377505163326, 12.344869713504394, 14.111465475334171]
[2.7902327021538724, 11.866169569754149, 13.654174926957694]
[1.912037261528539, 10.145614331043944, 10.506561721939931]
[2.2598417922582286, 9.809121758365322, 10.299383902761377]
[1.5908049602623464, 8.093783362363311, 8.722418892368097]
[1.3272783665356798, 8.474023415752782, 8.778395267559262]
[1.379716873048281, 8.741606307769231, 9.23290351783126]
[1.192137992025792, 8.36407889064158, 8.221545940477142]
[2.3655891463328658, 7.786794809504315, 5.226930600457905]
[1.5098141254523512, 8.462510368624635, 3.674786888266965]
[1.7781444392923618, 8.461514190485303, 2.8405165426337646]
[1.7900897376463263, 8.358821531207553, 2.1082961528454973]
[1.3268356355318645, 8.29985471688174, 2.6909899496397998]
[1.3902766455478002, 7.8629824983899255, 1.884059790149081]
[1.5207658116570286, 8.878081434821198, 3.3324214865050124]
[0.9674953929825563, 8.33223072055192, 3.6886117351326675]
[1.0401587551217943, 8.08509154538767, 3.858455950706116]
[1.149330733962998, 8.478157945568555, 3.1392398340427974]
[2.0264751425104066, 8.397817804327474, 3.388376582777852]
[2.1143229946716957, 12.043820105910015, 7.266033051087845]
[2.155854453003627, 12.090727475712782, 6.108709624879737]
[1.9516494159949787, 7.59927098918557, 1.5061902049591822]
[2.223631219239877, 6.612509141524413, 1.068378728530746]
[1.60291391477935, 9.545628663852014, 3.822035181903914]
[0.7869347559541353, 9.06751099061242, 3.2461910080547796]
[1.1554564270583967, 8.267961026259556, 3.4502906221844114]
[0.7999587840656801, 8.036411549437844, 3.440299965719703]
[0.9442065875867769, 8.716752115193913, 3.9737909729489047]
[0.7676800443629617, 8.869264190999075, 4.077123894167016]
[0.6854971041699685, 8.601029895735834, 3.6502511548380028]
[1.0504319746151936, 8.683838368139618, 3.5685028305482547]
[1.1595905948278755, 8.367991829164353, 3.6629811937446846]
[1.3151245996980663, 8.060859077131369, 3.030985746897727]
[1.3625748808710227, 8.526453727651543, 3.3886700381401624]
[1.4173845869972013, 8.23138804576736, 3.4614484233139535]
[1.8463274646084642, 11.014082794287674, 6.543802674995902]
[1.9390340249591844, 12.122920107034773, 8.71998945550655]
[2.0093780774923147, 11.229984272215816, 7.06453661995414]
[1.4710592980885906, 8.973093886298017, 5.9979263275847075]
[1.8870395770567256, 8.541978484075884, 6.29333920352326]
[1.7058713802279186, 7.487754629282989, 5.882375916977622]
[1.944346261354866, 7.73524051153305, 6.3800459243041985]
[2.1179051030614318, 8.535510074974852, 4.367612734635202]
[2.161377578501771, 8.878053420783246, 5.457676031854277]
[1.8339098981679882, 8.87869868044703, 6.0521633784958055]
[1.9899726049510775, 9.514590256216891, 8.571529492867938]
[2.0202781357071586, 8.866749205332383, 8.815187843324622]
[2.0044479399667807, 9.258586431630562, 9.457959300639942]
[1.4568905119409834, 8.846066274605903, 8.688709946302936]
[3.2019667776243637, 9.824469331751729, 11.151449730136022]
[1.7091283840508993, 11.728073785970793, 10.413770970027798]
[2.0226419020365967, 10.999601406246796, 8.154996345908955]
[2.3241726281213317, 13.158543064408875, 10.077204896009476]
[1.5929953104756152, 11.634716918977844, 7.503584429249173]
[1.3810488876534919, 11.662577582000239, 6.850311464395247]
[2.076692147602543, 12.218268796048974, 7.28353287184089]
[2.0035729969208944, 13.496814343082178, 9.506283449360978]
[1.9635189324128959, 11.956661821764968, 8.81067980384455]
[2.171703871485178, 12.251283702436751, 9.955494780887165]
[1.3216540320943295, 11.608218889533049, 9.03559841903413]
[1.5694144157804573, 12.471768223897328, 9.683381788412248]
[1.0141831004606132, 12.610627095886485, 9.376351272372261]
[1.4034470172964433, 12.554861076330184, 9.255952646202047]
[1.6435592541406976, 12.294851608545372, 8.767366326535011]
[2.044849805907731, 12.223732029207326, 9.1819073627955]
[1.194104460380629, 12.347747496712898, 9.693769391804437]
[1.1016722530058445, 13.290647771413774, 9.817833109142697]
[1.138912850941594, 14.040898906566085, 9.14146318961042]
[1.9947698331411061, 13.547594040221341, 7.293572689774436]
[2.203927794288248, 13.150233202007414, 8.221333997235803]
[2.44396292826346, 13.26843211623823, 8.487860856371697]
[1.5595364805649155, 12.26734462288826, 8.386498089852893]
[1.0539090415639691, 13.000429475997251, 10.284614025732253]
[1.0016673579662552, 12.575735104345483, 9.461164218370556]
[1.037733172811599, 12.157259437605717, 8.14658059483196]
[1.2864018245270472, 12.351990153929165, 8.34908387724488]
[2.9372357523164823, 13.314671370480326, 10.771968196699362]
[1.3460844658802102, 12.928647330216364, 7.861612558534944]
[1.7324760252449067, 12.530989667804121, 7.195072482850037]
[1.6530658476318933, 12.451755690230087, 7.025691692254753]
[1.9223881692175127, 12.684578851650542, 7.382391737966543]
[2.0558260628380083, 12.91288133885972, 9.264381004261452]
[1.9426028409493625, 12.434770604184678, 11.745177718910526]
[3.2768670515471143, 13.03997031968622, 12.290600266692707]
[2.7050873939134874, 13.62296291820185, 12.591569523227093]
[1.8377450863805223, 12.721294406346459, 9.340269651005627]
[2.7383824001820187, 13.090900814912175, 8.406315892063105]
[1.2925714676002116, 12.65893626208782, 7.881385647445853]
[1.6162372680688577, 12.14669184172945, 9.07263222839424]
[1.4956950086679797, 11.801339911381689, 8.658523253225383]
[2.2488279183185114, 12.19602729085588, 6.982335446095902]
[2.342168095453829, 11.072678356638036, 6.313893424304041]
[2.7399930757127606, 11.887036797688154, 6.848498465835121]
[2.386044628478885, 11.830868546559444, 6.6327009593181]
[2.151249428224773, 11.470593020556166, 5.5275950391754805]
[2.4311132263031254, 11.419404667009204, 4.418975195207111]
[2.0679695482076994, 10.88212781280761, 3.4720197199598033]
[1.9603131146874517, 10.481251036951548, 2.4988317776779354]
[1.4558816077148293, 10.889895215106264, 4.9479765264070465]
[1.7491534532357491, 11.026500707196831, 5.68630417209755]
[2.1883115581881896, 11.13666263290284, 6.927711362456563]
[2.1734711437272836, 10.594844716815075, 7.023805643742207]
[2.372498940612161, 11.156058969852424, 9.68452109412928]
[2.0646829826334, 11.111699133639988, 10.634771121836877]
[1.633389679169241, 11.10762704526428, 12.142499151204447]
[1.5770085104464613, 11.304739848038977, 12.00553931337069]
[1.3201440395095574, 10.652639967578295, 11.740493025249947]
[1.1761964432763108, 10.591943295115101, 11.748772196045849]
[0.6041553178309158, 10.871403746698192, 11.89562195608329]
[0.842198511963204, 10.82424414362005, 11.92176506732676]
[1.0040056873658187, 10.401994640413307, 11.39407951591241]
[0.3079853569222877, 10.076673389872354, 11.071675491954466]
[0.33242233715974123, 9.696601842211066, 10.673723658410466]
[0.7925280771120669, 12.60547053447219, 14.037123891440615]
[1.030086801747487, 12.029736227407682, 13.55331642279242]
[0.673544683288199, 9.836823638820661, 11.00772442683322]
[0.2235848240941749, 9.770588458615848, 10.821668397410889]
[0.3490673966972082, 9.175382126027742, 10.170236714217992]
[0.27380871253821226, 9.484017282481105, 10.614476592664516]
[0.5281544388285226, 9.382567637759095, 10.423133504805747]
[0.9116916037396408, 10.590584326132287, 11.419055153408209]
[1.0773397641425362, 10.083970308430949, 10.9824309100849]
[0.7460469875831279, 10.168268643326257, 10.96397401284392]
[0.9989937069161101, 9.368223199978928, 9.970990800718994]
[0.7368291258017905, 9.112722917669146, 9.838486567719286]
[1.0367835043301028, 9.146165051197727, 9.837868239650504]
[1.0210175988707704, 9.336581736893294, 10.053640397858175]
[0.7543213550727756, 9.12775951772879, 9.820501158221703]
[0.6121452915378569, 8.695642863027501, 9.525713543406965]
[0.8279892717199573, 9.214787190843879, 9.881083944346045]
[0.771850488894259, 9.527908190130532, 10.404774308774108]
[1.0510160696061348, 9.775914718906606, 10.396814555848152]
[0.8980298736542807, 9.76303943711585, 10.433969380451941]
[1.0955627305249465, 10.146784306376674, 10.965517613245538]
[1.199085772142226, 8.793516853675854, 9.360294352202573]
[0.9368510299653963, 9.213830500076313, 9.781289509733341]
[1.0384990700345185, 9.605109280170694, 10.041457258933207]
[0.8836290231113679, 9.418531830188115, 10.507445783296077]
[1.120788597659967, 9.283135265882123, 10.179558290823394]
[0.8191003011890388, 9.449518627251408, 10.234933365394937]
[0.8264950218332103, 9.560530746212692, 10.396195860277686]
[0.8896304705989024, 9.33801316310344, 10.26261044631849]
[0.5572924178941889, 9.551047003804896, 10.276069923377918]
[0.6479113154945964, 9.558242151936554, 10.330095291264342]
[0.821463397210195, 9.382230113842255, 10.322932689396822]
[0.6222042360112567, 9.183764031445534, 10.019929640473322]
[0.7848275273206582, 12.847605580167624, 14.79386298531736]
[1.9879335145673167, 13.244107169596731, 15.21511707210243]
[1.2504470167685895, 12.405749904426443, 14.017347873915583]
[1.154063096197234, 9.298541017898955, 10.696686651008577]
[0.7751925366383432, 8.60251578887322, 9.92202784963672]
[0.8632775307809908, 9.861240649617173, 10.123508820811736]
[0.7750967499685117, 8.525585822929813, 8.802339110193799]
[0.7593204604744415, 9.776648385044496, 9.09622382276882]
[0.5369164344968453, 9.078613770643017, 9.106730076076474]
[0.48352680016252236, 9.351538007976245, 9.183392700398684]
[0.6468946379401359, 9.751356797526768, 9.995277262260174]
[0.2869188152845794, 8.924946660728011, 9.372342433891959]
[0.5097076135982945, 9.384906363575155, 9.749943137940448]
[0.41883258637997756, 9.728060188059061, 10.123227974754627]
[0.41520202510510273, 9.57970723896888, 10.162096166172716]
[0.16901547049268117, 9.043861528791254, 9.780577849670834]
[0.05989623996410387, 9.063467869191953, 10.200747766953896]
[0.08896400590677445, 8.788556430752678, 9.804960001979055]
[0.0030904908759623595, 8.999916840909464, 10.183932972922719]
[-0.5809368246855229, 8.35360389402777, 9.479538189530302]
[-0.4873406131404181, 8.81508359147297, 10.106900405625595]
[-0.5782106706296446, 8.726298085986258, 10.007739064602475]
[-0.5760122026208592, 8.590178898965618, 9.69653304853307]
[-0.8948231686118646, 8.597318171044336, 9.891867700830574]
[0.15761122069314126, 9.030307515196597, 9.842211373039959]
[0.07829141448941357, 9.154972786883391, 10.427945031206775]
[-0.16231889142450484, 8.808347250976666, 9.932263043141859]
[0.17069303795116753, 8.919809382127156, 10.087706579076297]
[0.050626041158366775, 8.794643131038029, 9.476810195857269]
[0.46840746784518217, 9.131303147441884, 9.713694773212865]
[0.12975879432013926, 9.157504291378928, 9.722789994825007]
[0.2327712390328429, 9.445331663199667, 10.109320764670173]
[0.11322025552512116, 9.236127855688508, 10.419250201543292]
[-0.07994325487705112, 9.994726807723396, 11.099841172923647]
[0.30460074574801865, 9.222511254143527, 10.005598772354915]
[0.7335021680859768, 9.434533335294688, 10.222934534838828]
[0.7095210893940873, 9.512579463280119, 10.236791860363724]
[0.946368597949629, 9.56587879669057, 10.247932894639263]
[1.1008600681211078, 9.646102833005656, 10.291880186848118]
[1.0272219314787918, 9.783335167314718, 10.88324700476818]
[0.7665995498644236, 9.922649496490536, 10.917967848129308]
[1.0747009099689393, 10.12384095058438, 11.233337395674852]
[2.794610033084936, 11.062232198368719, 12.274209419270733]
[2.6837227281223477, 10.349701828433197, 11.418656897589017]
[4.002387417510363, 11.593645639629685, 12.56129117912758]
[3.853878398799395, 11.966598836159875, 12.884021893047645]
[3.853650317737859, 10.805229744909951, 11.133052761438194]
[3.5378224138844985, 9.128346963647289, 10.64120846959537]
[4.158170632628753, 10.554444729337376, 9.950491767226879]
[1.5702822067676578, 12.607134617808313, 11.522439283181996]
[1.1106871356655148, 14.843274487719938, 14.290985781422307]
[2.181610011484395, 13.40574546865561, 12.722180915372832]
[1.3475610490291388, 10.462143681444772, 10.27374402429507]
[1.6431765425404166, 9.547411066919437, 9.520707359228453]
[1.8686319363482795, 9.137760529053793, 9.124616317398903]
[1.879673866801994, 8.74133319193325, 9.024802987461953]
[1.0409105013235092, 9.417728075321122, 10.57973699422675]
[0.7586735070234596, 9.487056966616521, 10.470450116879107]
[1.7019430150585748, 10.185331695166823, 11.479738622160255]
[2.056284451188233, 12.463972410988063, 13.655991649620773]
[2.4045260881374446, 11.918845594781047, 12.732948031907995]
[2.048993623583158, 12.740489002807664, 12.037182542284683]
[2.7488587159634648, 11.939337842755833, 10.461442793822783]
[2.1219891418659813, 11.611803208941254, 10.83090536779622]
[0.64119556016621, 8.489006477173703, 8.07560477005265]
[0.5611744943846162, 8.855016377425429, 8.559991494770088]
[0.7820373858781409, 8.70955055037021, 8.315213721622854]
[0.05712414417024547, 9.18395706188818, 8.750730161377646]
[0.019220963301421534, 8.727817245257668, 8.192023424506203]
[0.2806590578662167, 8.63046717450618, 8.11838309293509]
[0.33726849638576084, 8.86156990787346, 8.457855704502407]
