[0.09974411013844531, 10.56633680549885, -6.062458966698955]
[3.448010530031169, 9.166345710738156, 4.870366926863426]
[-0.4075255522099184, 5.021386138411728, 0.6171491202894686]
[-1.963704227018738, 8.799262081480094, 0.7321449382155265]
[-1.0904398708174483, 11.160077885360977, 1.8532705640282927]
[0.8536725054785848, 12.561444976071243, 4.159071969919211]
[-0.8433281133930564, 10.997810432264018, 1.9239979371872948]
[0.15929764605566277, 11.266547366722037, 4.256405863044137]
[1.902594872293676, 12.386333257510302, 2.6089278244097898]
[-2.439055580617648, 14.437463130929416, 10.777775453337853]
[-3.7698036682579215, 13.467267996568054, 10.455314733035522]
[-1.2943382914699981, 13.947334838189974, 12.361718913506252]
[0.22483345999945925, 12.447750432970693, 13.633902258551245]
[-1.062576783746593, 13.863075860795917, 14.574155763691124]
[-0.9267284006715073, 13.11000814036494, 15.254322641069706]
[-2.220828520387329, 13.8437018434538, 14.366412254346471]
[-2.1801038776169293, 13.479873727173285, 13.818448676558432]
[-2.0372343994080353, 14.391651035736558, 10.39514081868009]
[-1.7312987756751426, 11.378604846119245, 7.623029943864111]
[-2.5670702815246784, 11.70798009345576, 5.449787157333162]
[-0.5943686545944615, 13.366152007351943, 9.531534575340686]
[-3.681756948371529, 12.194893888491123, 9.66549610673502]
[-0.5945073040159912, 8.573164495440494, 4.433120598717096]
[-1.7423219673821677, 11.429537272176972, 7.157423471261211]
[-3.185990937625661, 11.996940823150524, 9.64132816832543]
[-2.8069433169932694, 13.373156045258142, 8.949910036225162]
[-2.3539166817436694, 12.741875043223729, 6.638864907736945]
[-0.08256703039334923, 10.97048681507448, 4.8394921270939335]
[-2.5579033837915404, 12.872818205112779, 7.715992456431678]
[-2.497230626144841, 12.112011102979324, 6.558366139514561]
[-2.1955184488083006, 11.547065977820353, 6.007729628135905]
[-1.6281269164575747, 10.712412932985742, 5.357822325327817]
[-2.1680708220805514, 11.989003818279755, 6.9174798849500405]
[-2.3147389216516956, 11.70790729767036, 7.121128632928219]
[-2.697594560134661, 12.39368689781449, 7.0614413843815385]
[-2.157704533841269, 11.865271995531344, 6.743753036637457]
[-2.454284620992482, 12.92482444546394, 7.84797471707472]
[-2.8811720852564093, 13.1414106874264, 9.097187712511584]
[-1.8759619309147268, 11.950922116002076, 8.100561668002769]
[-3.205043908685113, 13.300559604327233, 9.277134499032798]
[-1.9648462037358598, 12.921819394128804, 9.122483776073324]
[-2.104906839886354, 12.173976781978496, 8.263627489878814]
[-2.1683555957490483, 12.301385004200313, 8.05412023919223]
[-3.1510171794266313, 12.247739646171752, 8.254358381024247]
[-2.2247377402207036, 12.792153573475417, 8.813963015946996]
[-2.9666373071779475, 13.179087537335505, 9.143411573989596]
[-2.100014400866641, 12.158724030039338, 8.07494600855162]
[-2.1928018292940266, 12.640825556592802, 8.842839326997023]
[-2.22619128648212, 12.751814006042267, 9.126674762806772]
[-2.015999508007141, 12.52450905737544, 8.596747065347472]
[-2.9359703696213018, 12.610700516217022, 8.844724154323274]
[-2.8514890600268927, 13.952359879771535, 10.618824747289068]
[-2.8908534445877763, 13.576300702285039, 10.753878004262077]
[-2.507038507316537, 12.73755157373516, 9.847563107043129]
[-3.0070613854775843, 12.235954538054528, 9.248971139177968]
[-2.9286959594287936, 12.663614414929071, 9.368912042414223]
[-2.0003189314307974, 12.007343873251756, 8.176481599171296]
[-2.7018840451221706, 12.107524984557685, 7.938778094368303]
[-2.40029333905332, 12.351613955866156, 8.033319643198496]
[-2.805118038384961, 12.095733909198259, 7.571687245015568]
[-2.8276321309550383, 11.926729713514206, 7.620923497371621]
[-3.1241323536296903, 12.187747276069004, 7.730081071568435]
[-3.1012754154339603, 12.101849602494113, 7.621456477023173]
[-3.5374657646703014, 11.852085651551107, 7.33069573205961]
[-3.4932626324922182, 11.833932259436992, 7.289299254402096]
[-3.392269383104505, 11.726575903027879, 7.082069187354449]
[-5.306885529969392, 13.073013838375317, 8.994775732372744]
[-7.35162222524076, 14.394604595074583, 10.542832656436957]
[-7.251313506953963, 14.568215250811633, 10.5912355179116]
[-6.799564796197686, 14.714692144145815, 10.682382425216417]
[-7.251845417158165, 14.351099522543322, 10.218216931735498]
[-7.315530273493422, 13.864971038981196, 9.777844749461167]
[-7.505440226291995, 14.233721447684886, 10.178192736648214]
[-7.402001664676064, 14.086099174618099, 9.842447859097945]
[-6.597682213661884, 14.926457359366808, 10.768747762416808]
[-7.206412371231792, 14.411500963963846, 10.079928052946372]
[-7.238751364765818, 14.468332385060762, 10.07170291185713]
[-6.896911313199581, 14.851845277525939, 9.972957602887988]
[-9.426076313962994, 13.189565123067197, 9.511379196646828]
[-10.705635705395679, 12.963809201708642, 9.813355632974094]
[-10.10912557207942, 12.037762201997097, 8.683276825010893]
[-9.279145797439028, 12.481701185350232, 8.6952502305667]
[-4.399874939558515, 5.6987510126459995, 10.250860079013393]
[-3.507494715080142, 5.233446856629229, 11.555996806144265]
[-4.234471260983753, 4.613796160653706, 10.414947386840197]
[-3.8722361030743286, 4.1786855845175666, 11.296110203448649]
[-4.0502759729920115, 3.660998910797204, 11.17112821234133]
[-1.936975957154715, 3.613620868996648, 13.401070329340286]
[-2.922852448080377, 4.558531663685173, 11.66289969580319]
[-2.0747828114024998, 5.858546598953382, 12.563642065616563]
[-3.4684753643500414, 5.318437942950155, 11.25857668433963]
[-7.5871046116812835, 6.789428377394088, 5.797255413442429]
[-7.092768178459636, 5.487276415343686, 5.868340538570607]
[-8.904068300944232, 6.6820926280522315, 4.298579654858685]
[-8.58753482262884, 5.613565203766612, 3.8846890909936462]
[-10.907975981494118, 6.473313974421487, 3.3807798340990303]
[-11.770138944054011, 5.685292105242482, 3.6569819651905107]
[-12.411546918557974, 5.2291222094359, 4.052622047967873]
[-11.120968758655422, 5.837911781391043, 3.7217546011995637]
[-12.079118236825764, 6.952187120532457, 4.913771378413458]
[-10.703216236666862, 5.461542026525436, 2.8834547564484865]
[-4.8376829823558865, 4.651666546047252, 6.450314022346049]
[-6.580084071473252, 5.63382274129323, 4.988258066367649]
[-9.93156901782767, 4.518300068816146, 4.576199779023682]
[-13.151628233606303, 5.97372142497791, 4.8824756810157055]
[-11.600163441673402, 5.370245139058227, 3.6315918913350345]
[-11.781543549770078, 5.587244072381054, 2.733498990138088]
[-10.95518885385566, 5.0855904792682765, 3.7730303738010207]
[-6.126355730912806, 2.7097944900563107, 8.27794094056162]
[-6.493061923322671, 4.359154101036253, 6.886129046223175]
[-8.778612715001842, 3.404354083640669, 4.9624353336686795]
[-4.785125294494051, 4.501259530874748, 8.385155082555428]
[-9.237472937486174, 4.504240921271077, 2.8762462269704656]
[-10.167721938080291, 4.606831610073698, 3.6074841755267926]
[-3.731698001007942, 4.12611356091071, 9.021719622683548]
[-8.890864857298482, 2.9774996821150665, 6.5881804518189995]
[-10.024161103934176, 3.253225263595297, 5.950545994467262]
[-2.734845353533572, 5.15279460059287, 9.53791407894201]
[-7.373543242914295, 2.2372318973101244, 8.468359160167836]
[-3.373918451028146, 4.475974466211682, 10.531632097141056]
[-7.647547296692224, 3.2588282778256854, 7.207103707588345]
[-10.427356184918025, 4.710556312059595, 6.126486365606496]
[-10.225593727753079, 3.6297975046981037, 5.547989959631167]
[-9.170441517897231, 2.7283992156923205, 5.895058893651907]
[-8.731490317121242, 3.0008520079204857, 6.468846692818204]
[-5.993890103188733, 2.382067581677717, 8.809902301530514]
[-9.072398610871403, 4.500800328847916, 5.460422396307081]
[-9.940396494514872, 4.2033832529212845, 4.620751110043244]
[-7.68639464508216, 4.099318472194227, 5.748401330298549]
[-1.8469016242568728, 5.696171880006617, 11.397483976088125]
[-7.756932968747648, 3.0337302331451923, 5.4188284887021325]
[-10.123765577029218, 3.185217096417972, 3.8217974068989804]
[-11.01661144529696, 3.798495381158048, 4.632073215841473]
[-10.31427250613936, 5.347789899513231, 5.06331809682024]
[-9.61901146911805, 2.7983311121159744, 5.310697888649571]
[-7.163641192275989, 3.8270378929226325, 6.387881268939282]
[-9.220422934920634, 3.9554924371532394, 4.484716422786846]
[-8.994147125312239, 2.266611404665909, 5.185164163775454]
[-9.233383495873056, 2.1778589396234764, 5.192102056154255]
[-7.559708555457632, 1.3317513339564755, 6.670112629325189]
[-2.9212773866391615, 4.585842149119458, 9.92656057613658]
[-5.226921419933859, 1.9155920528864812, 7.936523401557679]
[-9.38823146029982, 2.854460506035082, 4.1819947937820245]
[-9.472290782710928, 3.2041049322547934, 3.525011321709883]
[-8.148843425110442, 3.2761576548004996, 2.411740924555943]
[-8.628459512564888, 4.65399795554913, 1.3933946909066606]
[-8.173843847478963, 3.982829107595194, 1.1542169759567855]
[-8.55560645469589, 3.7411743607700743, 0.41523055059252556]
[-7.349832940088277, 2.648211146851537, -0.4511214795764147]
[-4.315731505337226, 2.149984107443899, 2.322030948398748]
[-8.282538246755564, 4.625311907317467, 1.0631705816176407]
[-9.745709957282926, 6.9793661295375955, 4.649681956015456]
[-9.161319873958945, 8.197875763858065, 4.420680024391828]
[-8.551339372119102, 7.750184660023891, 5.403367163889129]
[-4.902003006542998, 6.658674870056501, 2.5111362199007488]
[-5.486946248665262, 7.37213822744782, 3.779439496712399]
[-4.462465760321706, 7.497506972044619, 4.147751617663772]
[-3.895034237970876, 7.13012080289441, 4.433408629110033]
[-4.163836686304833, 7.798918018020217, 5.204515255559755]
[-3.7954928700848285, 7.236694957114892, 4.611810467931036]
[-4.040431946577769, 7.062621869336738, 4.4527312222208195]
[-3.8934955704963414, 7.865051263877106, 5.142348781991672]
[-4.957876373554427, 7.827634634904015, 5.669676528747431]
[-5.594281356451987, 7.793401057846552, 6.145496008595018]
[-4.761263848094629, 10.609718164767898, 7.669448007035413]
[-5.0611509029046005, 10.087515061473624, 7.393891195248102]
[-3.749886205252537, 11.447756673945122, 8.394399018206968]
[-4.168311374912236, 10.197642239166555, 7.741559603348179]
[-5.507303328647751, 9.907192294061133, 7.588861656263049]
[-4.301811021656889, 11.039269773502838, 8.56348436405247]
[-6.3285426010886, 9.60609481676039, 8.220336902377824]
[-5.333749975961325, 10.088471816247477, 8.779588430905477]
[-4.901314458635966, 10.400231226367282, 9.431577049966421]
[-4.194504653279552, 11.173362426031659, 9.781677738698988]
[-3.74296432014107, 12.170242696076258, 10.541770638626389]
[-3.255025205396038, 11.344806551316452, 9.820966462076939]
[-4.117644497791247, 10.818721160376455, 9.429658208095105]
[-4.122237542193105, 10.26588832448492, 8.999117977352853]
[-4.819061955180757, 10.736969374408034, 9.435991071280142]
[-4.394831589519683, 10.20986745196717, 8.779233084900085]
[-5.033123291843623, 11.30716304938312, 9.703927069558205]
[-4.02144723243822, 10.287800166849806, 8.73842300406892]
[-5.050069563938095, 10.681602667014388, 9.232775963474523]
[-4.157081921464524, 11.156683830008745, 9.281926539581832]
[-4.236104991593606, 11.239333356307085, 9.45564763850561]
[-5.383772348954054, 10.615723704673727, 9.00540713994738]
[-3.1602765661796326, 10.367136424293449, 8.747244508060533]
[-3.920755855238326, 11.237717278469532, 9.511140427421367]
[-4.838885222147951, 10.929811741523167, 9.587996408571513]
[-4.74290414158736, 9.863085976529902, 8.672171440129489]
[-2.8356059727569516, 11.671143693910366, 10.104526366108956]
[-2.2824920633208166, 11.142840125157917, 9.969859688213006]
[-2.6414732265922964, 10.379778709044743, 9.334954708389176]
[-1.6021899236037314, 11.390211117009144, 11.205119489658784]
[-1.2617368049137667, 10.571945505667259, 11.522969190884453]
[-0.7644126230257342, 9.629683904344432, 9.85224638301841]
[1.363238472946719, 4.3800321093100365, 4.956866092350339]
[-0.11470577304220342, 3.7298090410953932, 9.031457243611328]
[-1.9900311319062496, 10.048652852349662, 8.343289945796329]
[4.3817643708811005, 2.8677838914056224, 7.327431698294049]
[4.627787939358697, 6.15224576876949, 8.9154099976069]
[4.637691497412106, 6.5603294888762775, 9.14281732632628]
[11.537710208283556, 6.089538788821983, -0.3774574867289573]
[11.1318349141646, 5.450655443518627, -0.06738551639412549]
[11.016969662166488, 4.252347512238785, 1.3355432200346797]
[8.987095603986049, 1.8511331564028524, 2.096235537569072]
[11.828088871010152, 2.5640777752858526, 3.567279717661364]
[11.269886119678574, 2.0424771621570272, 9.801610506025696]
[11.96169359354812, 2.5417040817901295, 10.3595662550579]
[10.31052514452837, 2.9482623740086495, 10.039355025514112]
[9.345746461288513, 0.9247671932548371, 9.651236530256284]
[9.33381904225304, 0.7982122845613873, 9.82113800745958]
[9.954941929828209, 2.101421020764178, 9.80555238866512]
[9.641422867419465, 2.935444763223373, 11.991761268704607]
[8.98421806471535, 2.4783916562674193, 11.852240842759244]
[9.603893340256548, 3.6078504365560207, 10.770268034933821]
[9.528628052208674, 3.957050420965871, 11.268646029012189]
[9.456012646917912, 4.946306128237254, 10.187947928416719]
[8.687317890995828, 5.661311857337125, 8.910956173531048]
[9.923896489839791, 5.5770485779449785, 8.66109326096165]
[11.399611578972056, 6.16551295431583, 7.775319635448625]
[9.689168772214686, 5.740632648800968, 9.429413851767151]
[14.242758009581976, 11.206507348920752, 7.422327133872841]
[13.173462127053497, 11.530347920302859, 6.724434920404207]
[13.440547671852372, 10.418400813542974, 7.032283230865659]
[11.25419948508916, 9.223134054775358, 8.599196558558305]
[11.369358863442812, 8.516994812913978, 8.376486040140463]
[12.716140208338317, 9.562893640348065, 7.493523991781586]
[7.288385460695636, 8.620280726783236, 10.124343156637678]
[10.508166721342889, 8.220978539323411, 5.534028936205374]
[10.158984409221233, 8.444503832889268, 4.798949884771616]
[10.469655646310912, 8.616504135132686, 4.485133465899963]
[10.779022625259003, 8.51379359680547, 4.891208746235236]
[13.444302488806443, 10.846841491246565, 6.058394044568928]
[11.293157143852056, 9.872419297582184, 5.673579190916712]
[10.783382169419326, 9.284641669824808, 5.2276285065362345]
[11.941929393243086, 9.646674533728259, 5.842692609247166]
[11.871698048465348, 9.49710105060025, 5.1226119730987705]
[11.154599877263706, 10.133374002816623, 5.112525232015372]
[10.924772381107232, 8.691672250388876, 5.272493492662079]
[9.535246581428837, 8.473935557927973, 6.189351994421145]
[9.098135968634153, 8.49560627193793, 7.430910848024979]
[10.814435762635568, 7.5871569955648965, 6.4138313936772136]
[9.74427716544129, 8.144901655012745, 5.463512645786238]
[10.657837324156802, 8.152851106007432, 4.132993254011836]
[9.571915248609372, 8.918271701483974, 3.7189252955858763]
[10.128536772996014, 9.173189836621077, 3.0659847219623657]
[11.283213877713393, 9.630416199739727, 4.153551215217021]
[10.947849784654224, 8.991562665211362, 4.364703871907238]
[10.790339796988448, 9.26123044045164, 5.0097466014961185]
[10.697669056626964, 9.454322290474877, 4.173419075709944]
[10.836975906775223, 8.251867247667178, 4.072902281810826]
[7.759857873739932, 5.319909795078843, 8.881769316673456]
[10.085795561451164, 6.808774922451931, 4.9748635848843605]
[9.333756399542196, 5.764306191689329, 8.149588669491294]
[9.210757726811707, 4.977367432326105, 8.43836638599933]
[9.622085891314526, 6.866616906565895, 7.152253187989629]
[9.830351148297694, 8.833382089276967, 5.480250129068196]
[10.736533564413207, 7.957982883736946, 6.44664702621094]
[10.191461344118025, 6.844816576115605, 6.256198249822006]
[10.077712614513771, 5.982572006295669, 5.324420533062323]
[9.902230747364456, 6.404362991167517, 5.442693754805475]
[9.622956014725872, 6.132600737778432, 5.770665023263547]
[10.326815172636202, 5.79867788712744, 6.8331041181454]
[10.81984077498609, 6.235601370010613, 7.39917244147]
[10.665283269110617, 4.621176905457233, 7.570682959112105]
[11.902281195531216, 5.9753328813932, 8.069615346436336]
[12.37562251363724, 8.366820422468578, 6.98061243293256]
[11.996321562642862, 8.637717888608876, 6.255898518035934]
[10.901213941337346, 7.94131600450477, 5.747672285090488]
[12.745340585249693, 12.621843625420823, 8.375678065124703]
[9.127131371483173, 16.22141230368345, 8.68033720053569]
[8.060884936932666, 15.322487283226707, 7.280057867126629]
[6.7181485262864555, 17.96712595893169, 9.096717466945421]
[6.047292686085484, 17.859838354561745, 7.680164300117866]
[8.010278211828549, 17.2849184827038, 7.116559918778421]
[8.040665962674055, 18.237283333330353, 6.670573490613265]
[3.8080137219829595, 19.639476157011373, 6.189716381637538]
[4.080216882557124, 19.052909650884274, 5.458134173281081]
[3.727645693405563, 19.62727451209382, 6.044668593989655]
[3.876543653137716, 19.11100946240876, 6.08994264208539]
[4.793282485042127, 20.125163101036506, 6.933660468964916]
[5.523781453474896, 19.817103612145274, 6.382122266168722]
[6.6042574824411275, 18.647729746699042, 5.688985158617442]
[5.359153188403155, 19.610301191490393, 6.024212758741669]
[4.187806370195801, 19.665845711584296, 6.144393319290145]
[4.639815239400647, 19.58265775867345, 5.5774603030845356]
[3.9295229107004985, 19.048483325270794, 4.793621555485998]
[3.8173674727759135, 18.913625078149067, 4.414156109929422]
[1.3085450086432218, 17.240896176883396, 3.3880532722038197]
[1.539677992980998, 16.709916760122937, 2.3681021087245426]
[1.5671692543425593, 17.439507729262886, 3.5643532377220026]
[1.2700924838001697, 17.33701504675372, 3.377864566470862]
[1.3852070810033155, 18.37594445712648, 3.740447011565209]
[1.4502496727726566, 16.785156280305202, 2.8437911400175437]
[2.5154702866093146, 18.304672112162734, 3.189730227622732]
[0.8362042071526332, 17.150153193193532, 2.692841190550155]
[1.1388339372298901, 18.216776610982038, 3.2537331760410666]
[-1.0084155340962582, 17.22896501874102, 3.5794888352633905]
[-0.37739589645536853, 18.587380838432665, 4.439916994195812]
[-0.3382196101497925, 18.651910987218557, 4.585249800301227]
[-1.0395874427951526, 19.442031212972736, 5.912740764527939]
[0.3122340438058444, 20.02009089603017, 6.508979154362635]
[0.4369708761943514, 19.92214829091307, 6.329185416845405]
[-0.8530923049265482, 20.08186603152336, 6.9843163191644635]
[1.3328150925799633, 20.5176155609568, 7.161020890279445]
[-1.0924017602808789, 20.248915426209635, 6.485850984003008]
[0.21821725773236267, 20.578487022950327, 7.51650092803709]
[-0.6800858632997091, 20.122155239535743, 7.108218085908703]
[-1.277142368615955, 20.49307724150532, 6.366417850962449]
[-2.100408682712228, 20.002004214671317, 6.098175094729299]
[-0.4429739581550223, 19.99930175208779, 5.9988302632857256]
[-0.05059467356402081, 20.081862564402613, 6.340670884313482]
[-0.29815941976950455, 20.14264577633982, 5.761036525881821]
[-0.8005559158348632, 20.241465081673823, 7.589997756091606]
[-0.5049202319678869, 19.90750449248135, 7.072013487535571]
[-1.0343604481018502, 19.382066901305436, 7.617808147997806]
[-0.9009029480264701, 20.42944789536533, 8.600001371923952]
[-0.8670666278062669, 19.64738211465327, 7.125147058217664]
[0.2392069096951417, 19.594636407947434, 8.045831243964273]
[0.509723521458767, 20.11389763132354, 8.775668715731598]
[-0.25218262934683366, 19.695928597518247, 8.491071935791695]
[-0.5035095932085198, 20.066625680712548, 9.458278451098778]
[-0.8241321961774446, 19.32247766287361, 9.71960399514822]
[0.5895642043603289, 19.634179940449286, 10.083497974961432]
[0.19930891951152319, 19.731240492236267, 10.169372700420183]
[0.6307715115003845, 19.152482186331824, 10.22825959493278]
[-0.16036108500038893, 19.327183688375186, 10.533616420176202]
[0.3183320602393138, 19.536125177619553, 10.366467881207058]
[-0.6205932677519002, 19.969053466699265, 10.865791430544562]
[-0.8162525055599161, 20.332709842609077, 10.474229523702633]
[-0.5981198155890581, 20.18650729477119, 10.468427096704175]
[-0.8771399406966083, 19.9713028623987, 10.320750352572844]
[-1.2866483061446843, 19.567962250707666, 10.914559057022956]
[-0.4546294782104354, 19.92777582917107, 10.6851319127002]
[-0.8731599469940647, 19.672710708646292, 11.05299667707095]
[-1.5364425224294394, 19.253308824086645, 13.865924438662262]
[0.9548342331501658, 19.344884774970097, 16.618255898791773]
[0.5455828012798776, 17.798953691504693, 18.532902710415698]
[2.0038546474680743, 12.979110176685495, 12.399124751140164]
[1.1231222044786335, 12.438567840068742, 8.79384218654107]
[1.17547742247514, 12.409434174636473, 9.275740301793263]
[1.278709905355825, 10.897919167278076, 6.631762190077325]
[-0.3907041059217562, 10.40367813583724, 2.8981481547868384]
[0.4979157128041294, 12.400446914033608, 3.6269703134393296]
[-3.833274619285376, 15.095939687868935, 2.201573679411865]
[-4.587227703093291, 12.069385819569575, 1.3268173630783053]
[17.54198791296855, -0.770356633963047, 7.35931173647441]
[17.71968100635263, -0.13729922097564895, 7.976061292630533]
[2.7135213949812282, -2.126640819348083, 0.06369883979439805]
[2.207935591877586, -3.7650379141008585, -1.3342971620256776]
[2.137741609781017, -3.895115801208931, -1.4265024587330117]
[2.0502319060693424, -4.266010482987127, -1.7391516238372446]
[2.0266384416415946, -4.459215704462267, -1.9121588629634232]
[1.8980838061718401, -4.84665317612928, -2.2363904174158904]
[0.9267836667725646, -5.620644239504429, -2.715609165651472]
[0.7150244691875116, -6.243095423346773, -3.2655792376981196]
[0.5992741102633374, -6.5210222518912815, -3.511395875353344]
[2.282386772767211, 1.722803082917963, 3.026577880345428]
[2.4841752215948247, 1.419770433973497, 2.70672697715284]
[2.5696656481293445, 1.1551436490507996, 2.4348523381045766]
[2.6377400750673416, 1.0739676249648369, 2.347050401294979]
[2.6965331096314458, 1.02921918453373, 2.2962156335647137]
[2.7562359959504903, 0.9499360838662056, 2.210714992197296]
[2.774164623648332, 0.9375996254981374, 2.196403668104466]
[2.748841280258361, 0.8879116962734059, 2.1498812181058895]
[2.779694298151739, 0.8475098009340485, 2.1062102815961907]
[2.7948600420523917, 0.8534331216208955, 2.1103525657007935]
[2.796415584444219, 0.855254822061525, 2.111983224311558]
[2.8074632429971444, 0.8342096128615708, 2.089781548318001]
[2.8266996453855455, 0.8226861162913792, 2.0760742505389373]
