[-4.696416499169492, 3.1474509076731, -1.1540853770070132]
[-3.9016273504958052, 2.8760032406902836, -0.9088558603485682]
[-4.165433931337357, 2.857980513097458, -0.8067376155765184]
[-4.217168661720452, 2.5866056693259645, -0.6579092963292484]
[-4.313959423245499, 2.424920978309287, -0.5952573725170693]
[-3.982876407148459, 2.1565090546580317, -0.6188093287306254]
[-3.513493456921073, 2.2011106759553147, -0.8118487491764739]
[-3.5200623679185967, 2.2825931823512393, -0.8402908623248196]
[-3.197979082639072, 2.2383716160001046, -0.8055484715322507]
[-2.857035614739643, 2.073127058076325, -1.1143519388865901]
[-3.183100608461188, 1.9757637581253704, -1.0569959553673214]
[-3.148239446633701, 1.9650301267116521, -1.0576526464961518]
[-3.2196142513694923, 1.7701855480701227, -0.988876116383074]
[-3.344197551092416, 1.9251654507637677, -0.9070623184398924]
[-3.4940994859245382, 1.731107535827649, -0.9578218395022233]
[-3.4820204577746696, 1.5535147039273407, -0.8880228333872746]
[-3.4917381683120303, 1.5134642379920265, -0.7498204175221542]
[-4.126505632668309, 0.7164990052562833, -0.804450288923431]
[-4.540449408579904, 0.8039225549495098, -0.8026119269408117]
[-5.856888811547983, 0.8812750321576149, -0.5150899516161211]
[-6.326200622602358, 1.0651609708737728, -0.4352564228677708]
[-6.360827000884122, 1.053972673079592, -0.4135395649291299]
[-6.408031751854694, 1.17865942851621, -0.4834323137274172]
[-6.534873530305226, 1.232253844600979, -0.5656170009229656]
[-6.513637366060074, 1.183744611064869, -0.7566580504231536]
[-5.119012882565109, 0.5573133151486878, -0.9676365915186558]
[-5.109577623515538, 0.7546834777511139, -0.9109685034929039]
[-4.9681158649622725, 0.17930041051840026, -0.5729068033558746]
[-4.948781533648469, -0.1150152056604808, -0.3725599846209456]
[-5.042967991086388, -0.4941115709972853, -0.2826501357138369]
[-5.200244040921897, -0.8122456631766816, -0.26103854123015147]
[-5.171570173142024, -1.0233071175469903, -0.21751726750865596]
[-5.029817142544922, -1.3577444824825813, 0.031595627896193045]
[-4.519625428161643, -1.8009104343195739, 0.5304121910912403]
[-4.180410306946232, -2.122919534794726, 0.7781078278597833]
[-4.215210530055326, -2.226752646754629, 0.7282241401979317]
[-3.634058666750617, -2.1279639152711582, 0.7605622607030477]
[-2.8495346947610045, -2.1283708356190756, 0.7147592664938559]
[-3.2232850010211176, -2.1966140089210766, 0.4069471888484913]
[-3.373577466601234, -2.1364778620517226, 0.42913341804919497]
[-3.1504607371086113, -1.9251516595662241, 0.4246726077562494]
[-2.6101793365103494, -2.102302893639052, -0.11206477741747158]
[-2.405773511884902, -2.278282005740245, -0.11369397690360263]
[-2.520339308366758, -2.955128080650766, -0.1927829647881072]
[-2.7206525784923765, -3.0120982910148486, -0.4634195046502931]
[-2.891995649514052, -3.2377320024833853, -0.533209398841132]
[-2.6273498796198616, -3.2944867845081256, -0.6123962738171382]
[-2.288525256668995, -3.6739348876772144, -0.5413929303445458]
[-2.2619901797955273, -3.797204848257125, -0.5175213713121276]
[-2.421414688640104, -4.409662842869269, -0.6669257515164922]
[-1.8847795773328468, -4.478142118201606, -0.7815932646347961]
[-1.6860408289054838, -4.662753011384415, -0.8044630452094919]
[-1.6325839329769616, -4.7857205566318655, -0.6292884274831411]
[-1.5279495418056002, -4.901824343529574, -0.6702254824240976]
[-1.5051153974076756, -4.861681388631114, -0.7122044399677606]
[-1.4556041939799633, -4.992049340687678, -0.7156706073481237]
[-1.6830910579435123, -5.1774377472768505, -0.8240034300823494]
[-1.413342165791812, -5.287283503555298, -0.9801727335930185]
[-1.115135908774003, -5.410437612766042, -0.843180534584684]
[-1.2454612916715693, -5.7579901758916145, -0.8923389936523787]
[-1.5422529542146826, -5.6829487530808676, -0.9738713607845662]
[-1.4076859347658288, -5.8455838244948275, -0.7432536785067526]
[-1.835297322654218, -5.968201188767896, -0.8017256863084661]
[-2.061404070635236, -6.19208127324945, -0.6527455580042496]
[-2.338494775489475, -6.147829688455469, -0.36834976412094256]
[-3.123881451246876, -6.20435731598607, -0.8077371885071961]
[-2.8749238543859774, -6.2629442954130345, -0.9732076254504507]
[-2.5759867302857686, -6.116850677072849, -0.9400295664754011]
[-3.1909543443809976, -5.908222594998867, -1.1606316034239832]
[-3.107532572678508, -5.845949975502275, -1.177929302954992]
[-2.9188923151080606, -5.755564553346696, -1.1863482941899874]
[-3.7904322511552158, -5.418392484198616, -1.04131973779332]
[-3.584100987615504, -5.220940601731515, -1.120914984101356]
[-3.961749956118938, -4.848987125998146, -0.565823699070535]
[-4.234076026665418, -4.492063767021235, -0.341870241275553]
[-4.322590755097605, -4.31301384500175, -0.17388213351623533]
[-3.8803823422935064, -4.391980073895504, -0.1279210957844006]
[-3.562145197803692, -4.372483379567501, -0.08304174171325901]
[-3.319722868750689, -4.394014447996555, -0.08834897515698646]
[-3.3073222633997554, -4.312125290363748, 0.054144370484202724]
[-3.5688907809495567, -4.16560350076038, 0.10684036667695301]
[-4.650998385478006, -3.3485247707093193, 0.2100771505877652]
[-4.632544583908474, -3.294123432275949, 0.10454673821067606]
[-4.651422656735904, -3.127292239678508, 0.1375422261260478]
[-4.40215014329943, -3.4294749003541893, 0.20527193973850036]
[-4.361094024879691, -3.414803082486971, 0.201698903107289]
[-4.462711399594213, -3.4604075779544634, 0.4989934340130013]
[-4.420441478645787, -3.6873164525055038, 0.620812568243024]
[-4.5465763332044675, -3.8381949672093465, 0.7129951435073713]
[-5.92257660086002, -3.4383235471798086, 0.6708428133898863]
[-6.6280883416899075, -3.2090261957336668, 0.5319923340543231]
[-6.641304600714417, -3.0143272630019444, 0.5948857112133021]
[-6.441673326974419, -3.074353044335441, 0.571207241469679]
[-6.336548614085013, -3.2139178523581777, 0.5647118292934357]
[-6.422350029445832, -3.0117235434602136, 0.5868328048631765]
[-6.341468145116143, -2.6239914471383985, 0.3977555548954406]
[-6.504999648157445, -2.5831121338438088, 0.47640146491381113]
[-6.497445021047026, -1.868047990668562, 0.18894550488621828]
[-6.481893067473221, -1.9759476130932416, 0.024204908488907894]
[-5.529797870027409, -1.8744842947522178, -0.23874183380843544]
[-5.04602334852816, -1.8599668024806686, -0.3370008808362558]
[-4.98996786669632, -1.7947916294007762, -0.32777910244735314]
[-4.8411557734366575, -1.51930972138038, -0.3787014347448285]
[-4.729570234019333, -1.5705885800433155, -0.5588743021465493]
[-4.781788428178571, -1.499774713008501, -0.741080739681324]
[-5.192890710883496, -0.7746277798073331, -1.146460314560497]
[-5.274502629759091, -0.45013826162145426, -1.3747901531333149]
[-5.245761326750666, -0.19427241706653123, -1.579862168500882]
[-5.330097696410582, 0.1989444116495872, -1.8495697116803902]
[-5.544865380146305, 0.4637521818429489, -2.0274185326220064]
[-5.626383708168629, 0.6372554423077746, -2.3038237234472096]
[-5.923502716783738, 0.6664546060548352, -2.385480147758326]
[-5.783579996041341, 0.8763017428095555, -2.4738447107748973]
[-5.709837248124689, 0.8191102317937191, -2.449493825879782]
[-5.5864047325973125, 0.5165943598448809, -2.3443088852286196]
[-5.569794941319643, 0.5028647191510054, -2.2888679779824392]
[-5.426909285374826, 0.17761351368983572, -2.1716425173571237]
[-4.896570715567837, -0.15677660662466136, -2.0479937598748292]
[-4.677210412710414, -0.05850867967022507, -2.261679658603187]
[-4.607662028478497, -0.4691478940924661, -2.191607444994539]
[-4.282006707805211, -0.8617445784370282, -1.9567818588906083]
[-4.631150650435484, -1.0705977088584562, -2.43833032197268]
[-4.4375718779570645, -1.1393393806510643, -2.4468708671837915]
[-4.712439052872256, -1.0991433627743974, -2.6020795281395346]
[-4.5360913956520905, -1.1822312806496758, -2.8193181974717465]
[-4.379675363085305, -1.1424443776059117, -3.1418379243997467]
[-4.721410969685677, -0.8365715582377582, -3.2574179211198477]
[-4.596387376320149, -0.7168615163348089, -3.4338180500195223]
[-4.512923491822999, -0.7605282990791331, -3.558875610598097]
[-4.314896995994113, -1.1276641936223486, -3.5301996115817125]
[-4.3763594747936265, -1.3608484486464285, -3.5605064506608164]
[-4.312413335313096, -1.498378132828384, -3.558138948745677]
[-4.165537913635379, -1.643327354741675, -3.55794225059988]
[-4.514993065274743, -1.8661500522804477, -3.6733609273711627]
[-4.707010311818186, -2.219119445263082, -3.62474432720778]
[-5.222727669188195, -2.1174915791548434, -3.503829538365324]
[-5.160225117910625, -2.3459454906640516, -3.5884022596402425]
[-5.600168289641922, -3.8729207436308375, -2.674239728052069]
[-4.957956716524714, -4.29719539345797, -2.3919036354737266]
[-4.669042007961836, -4.471797643667018, -2.2599454751459636]
[-4.2466861189538125, -5.081302685329208, -1.9343450449388955]
[-2.8881500016008546, -5.428926820103834, -1.6655295947443707]
[-2.6206217555882696, -5.32397829935652, -1.5389659304014653]
[-2.386532285999859, -5.173156082922873, -1.4165002865351546]
[0.13912015475699138, -4.8359131696948685, -1.3046228270843834]
[4.4500952483311895, -3.9943316739055286, -1.1809989288242575]
[6.054196743698607, -3.788726097112578, -1.201850361746363]
[6.712134016090905, -3.5366122896119756, -1.3149395597652789]
[7.104917956874112, -3.353238072761375, -1.3941535563730452]
[7.47464266133518, -3.3109230931301, -1.6683775376676462]
[7.271322943313736, -3.379355824950517, -1.8110834698646687]
[6.712166873759392, -3.1703435580820707, -2.054175182980395]
[6.059806215400983, -2.8630500160927417, -2.252138826632848]
[5.087773054332655, -2.818249831375979, -2.4237928799678734]
[5.483132600748809, -2.6824956037759264, -2.392579144254308]
[5.603126849695154, -3.010478463921394, -2.352478027100782]
[5.597475233436773, -3.2543669882320203, -2.2102935858685284]
[5.384022726743625, -3.1674456545230782, -2.168086818899514]
[5.19491354174943, -3.3513996079803943, -2.1290407376448437]
[5.384300682556788, -3.391375185373784, -2.029504273598036]
[5.87655743929274, -3.4505926580571953, -2.141498904525408]
[6.005645850370731, -3.5402892479148953, -2.132430641251398]
[6.106767706303221, -3.5484603197351205, -2.1668372576961157]
[6.574510041666121, -3.9217930750166103, -1.8710146222542863]
[6.599598864645112, -3.976498482736759, -2.09544065340394]
[6.350434144922152, -4.059719397020042, -2.070932770821677]
[6.650525384825622, -4.010524111166206, -2.0596497618883776]
[7.206745133582798, -3.9897162201423453, -1.9856905739276254]
[6.211009323590361, -4.0495785674700455, -2.0909411226982306]
[6.736681919894143, -3.7011833871285575, -2.3623300053595675]
[6.428449193646239, -3.521782123343878, -2.15065150409415]
[6.203033037842902, -3.4758572640409904, -2.143292989150116]
[6.00805322911994, -3.6486455247562013, -2.225493800437321]
[5.727467447994905, -3.510843174239214, -2.2136914069278646]
[5.711322657857922, -3.1473255828737536, -2.394687572099164]
[4.8795217312238846, -3.049009744094827, -2.627852446843817]
[4.248771038958909, -2.8841492259666515, -2.879684355679483]
[4.8496742328018545, -2.8688774354756204, -3.1110719839495835]
[5.160379668564013, -2.812951462426149, -2.8361690145341303]
[5.503211166895996, -2.970126422872995, -2.7191693122862826]
[5.695043350077802, -2.970356541353234, -2.6287241937299517]
[5.562301516292318, -3.196106456273526, -2.674594119844947]
[5.706407746921988, -3.1691010388180856, -2.6386737511942195]
[5.412464233565003, -3.2623287410080035, -2.759792973306025]
[5.493686630131356, -3.198115430787874, -2.6646199660799463]
[4.622120271562614, -3.2317510248309755, -2.788166256526198]
[4.743257662435146, -3.109899572677898, -2.9543490132184203]
[4.552854517681894, -2.9914365660889604, -3.158949070004946]
[4.424970616033735, -2.9514512969350326, -3.2573808792673278]
[4.068229206496699, -2.922291734575713, -3.382792012916927]
[3.9340047794334376, -2.9839612624456087, -3.3181908159633475]
[3.502082567108059, -2.950552092829446, -3.3391927604886495]
[3.2961009955802543, -2.8264406636664754, -3.365992056856921]
[2.518667300865308, -3.0180871818289554, -3.4971610908252595]
[2.1568321807513104, -3.0089774533995914, -3.4707613088560074]
[1.9704697998606358, -2.9915023936158462, -3.417696953997698]
[0.9974107352997729, -2.9830964400967934, -3.362060968743589]
[0.5009684197223473, -3.0023255503771002, -3.4278896840843167]
[-0.1648514240800939, -3.1778348603902513, -3.508838126293305]
[-1.4711534354526627, -3.9049479633882735, -3.389177115508245]
[-2.247908581145352, -3.9354866197099834, -3.2763678789963766]
[-2.301894065145228, -3.8376450355740297, -2.9631265990632363]
[-3.671299585665822, -3.916099155632764, -2.8942910223495364]
[-4.368355240368048, -3.877310671036516, -2.645733028354575]
[-4.5549466356550115, -3.917346816281595, -2.3684629400638846]
[-4.5148416409448044, -4.128063413766715, -2.438177057118421]
[-4.604647185965324, -4.141158001561172, -2.232161062143949]
[-4.772770756899737, -3.8398383752997827, -2.382381354190316]
[-4.669449129959747, -4.199806450617767, -2.381679430152291]
[-4.783608701943081, -4.2359664565130535, -2.6604842569595677]
[-4.991769833233015, -4.096493402454102, -2.8870625400186696]
[-5.529152486325862, -3.944133222248435, -2.8286186986011717]
[-5.488769594149323, -3.9842995468621227, -2.853276951996586]
[-5.66870981359917, -4.27103938400414, -2.888907739726741]
[-6.230430320189532, -4.182417598830874, -2.8846967089130926]
[-6.270603584957895, -4.423942500243928, -2.820452861011882]
[-6.344104526092013, -4.262348414067789, -2.68216296116287]
[-6.929764098453602, -4.168050410059653, -2.802510886961152]
[-7.274948046734429, -4.0743275215118615, -2.773701745794696]
[-7.451377487408286, -4.0748010107664605, -2.7294165883372634]
[-7.120955776825954, -3.9390218144813, -2.7888576150925686]
[-7.304636703922466, -3.9067830082296005, -2.837990769632071]
[-7.566119962411872, -3.9835131183808485, -2.7830959582595933]
[-7.331899995917581, -3.8764219232598722, -2.766447567376043]
[-7.252340385516027, -3.8435427010948864, -2.736261698024323]
[-7.9452126969273715, -4.067994224519082, -2.6910329260225736]
[-8.12117402768847, -3.9557083962955613, -2.634834803855615]
[-8.355383848527287, -4.048681625051492, -2.532632194335382]
[-8.648333816132842, -4.242208666707363, -2.3802217471208675]
[-8.509859000356869, -4.194124030261888, -2.3243325357195754]
[-8.592772316935113, -4.27048996966218, -2.2583142846402473]
[-8.66673635816594, -4.169421560997626, -2.2690952026002673]
[-8.77378095832581, -4.158933575773383, -2.2953219848326816]
[-9.225118728156458, -4.134708804893994, -2.3001993367554254]
[-8.89509598905198, -4.039073750135655, -2.3043051866880813]
[-8.681563187639748, -3.8993665514062177, -2.5842145814756714]
[-8.172550695881604, -3.8595659731726975, -2.634623609027091]
[-7.878306913376461, -3.7701759350616237, -2.7804229611459856]
[-7.717552283319441, -3.878589148558702, -2.644986296743472]
[-7.439029807434471, -3.971033245995789, -2.6326617248783237]
[-7.427937529101509, -4.163312904489046, -2.472234869313752]
[-6.581697567652114, -3.939828727215656, -2.3573716916789884]
[-6.522774492263859, -3.6112914604149076, -2.5284096999526775]
[-6.2968306222928385, -3.643650637217526, -2.2390878011387954]
[-5.914203499868586, -3.751193557439519, -2.314898975645943]
[-5.861561479857437, -3.875798488801911, -2.3489612790390493]
[-5.721883170346057, -4.052187274154626, -2.31467100858481]
[-5.251378539662495, -4.81017404871506, -2.2433798377408016]
[-5.348307465928242, -5.002772268633881, -2.053206966978856]
[-3.4671789351408213, -7.107789160186284, -1.4256679918401338]
[-3.7542935540193274, -7.765431835913989, -1.1034331609539365]
[-4.0745702325334285, -8.150889867538375, -0.8887240333931115]
[-4.679246012970788, -8.896015877872452, -1.133512521893498]
[-5.414721992048736, -8.025703850698775, -1.4346552445683358]
[-6.616535708129035, -8.17183770358728, -1.591272137095816]
[-7.011863423711383, -8.232916086253312, -1.7668038729641715]
[-6.548387657305658, -9.018214230062581, -2.0929065323079588]
[-6.30507463321828, -13.562471856756112, -1.655842941325091]
[-6.755996069052891, -15.619694169091163, -1.831817700344018]
[-6.894266388712798, -16.410398247449216, -1.6876813208178023]
[-5.691019028804604, -18.344939610448268, -1.6936884245388442]
[-5.518053466347445, -19.480685924522106, -1.7819310259422756]
[-6.143012764550915, -20.69432926712487, -1.5822826244284312]
[-6.451432838342192, -21.643907963964104, -1.464252319212876]
[-6.441228430344155, -21.942049249993023, -1.4386886401699166]
[-5.786698183754546, -21.86145173936233, -1.0943891991654213]
[-5.562283276322839, -21.60253020985523, -1.0486363882676064]
[-5.674075533546396, -21.537023588116764, -1.0436822987397847]
[-5.5331804639774544, -21.51284157704824, -1.0008766571367944]
[-5.178876748479811, -21.21246087210826, -0.9541572681992259]
[-4.977041133666481, -20.595355603592893, -1.0203295665326533]
[-3.826765375083191, -18.548157650384102, -1.0013604940606697]
[-3.125423326838657, -17.011431754116327, -1.1895650470598853]
[-2.8644662088695765, -14.058393812449774, -2.097324380730396]
[-2.5614392490189766, -13.982143418095651, -2.199828391056083]
[-2.3772522676559964, -13.582090218296399, -2.263526180183175]
[-2.386781435244052, -12.675053945346821, -2.366243989234116]
[-2.228361476104288, -11.340114085664702, -2.586513680495312]
[-2.2001623571443822, -10.421894047938768, -2.892435799830083]
[-2.359654744051513, -9.636544187741787, -3.147903995657508]
[-2.5522071313916808, -9.7684631607799, -2.740546489430249]
[-3.066232443154384, -9.108036062892046, -2.8909213935000206]
[-3.1915980564001307, -8.855248479734149, -1.997656627178761]
[-3.132275264527775, -9.063857316633364, -1.658785530159588]
[-4.008475159914462, -9.659198634468169, -1.573373823216382]
[-4.365502752973795, -9.141966735492707, -2.3486814621448766]
[-4.488742187384982, -8.857613672162925, -1.7840845662422578]
[-4.4176666044267066, -8.928126933306839, -1.423456875348617]
[-4.437482981311395, -8.781523675027586, -1.268127469127524]
[-1.842205336591091, -5.29433097242429, -1.5383968125445637]
[-1.4966294588862608, -5.187810044703283, -1.7369492089176026]
[-1.319125723967804, -5.2702281143824425, -1.7919992374540237]
[-1.3414116047247089, -5.266167565473844, -1.8517777406170872]
[-1.3620524589819165, -5.519213013461344, -1.6195859480567354]
[-1.404299233070217, -5.783846824406385, -1.530586982193026]
[-1.4153958383576435, -5.917518722189542, -1.3238975227280818]
[-1.3074057260243408, -6.152107781591274, -1.2341780062357768]
[-0.2150014498783737, -6.431249216252057, -1.2897093078206778]
[0.20007059361596635, -6.401173917478424, -1.5951357638944716]
[1.1336971387248207, -6.202843669543345, -1.7357377444338413]
[1.0130366462973568, -6.537325448131747, -1.778796865158891]
[1.0394743381891065, -6.497396394809656, -1.7914451535391087]
[1.1680458468554649, -6.602126928553516, -1.7235735839743813]
[1.2752588073056321, -6.582817467088444, -1.6157943363609775]
[1.348212945844475, -6.503506862716844, -1.451391948273805]
[2.426986724026031, -6.712229540377726, -1.2747795655066543]
[3.8848539575867607, -7.090762560320217, -0.7911669914987816]
[4.605868029578718, -7.570790288047482, -0.4129640751096838]
[6.0001311765156755, -7.720804499180728, 0.19006635652275702]
[6.887319376252034, -7.836207389216267, 0.687292585106918]
[7.1756958447335, -8.317613418681889, 1.2564208232045038]
[7.753929884126042, -8.452873231640016, 1.6448784955570785]
[7.883627711194561, -8.623599749428847, 1.9693817234203241]
[6.225808190317888, -7.912123899524074, 2.8375241908685216]
[6.465158591131941, -7.711607217903615, 2.90876705540771]
[6.419869401551461, -7.0455712887107165, 3.2949704028998994]
[6.378289996008922, -6.965465898379546, 3.4421515962513327]
[4.232180351651199, -6.968872120333834, 3.814869895940469]
[3.810671937773504, -6.755802354520449, 3.8022544815823562]
[3.5579758544858064, -7.158805590909933, 3.6490900978441867]
[3.8211069410480922, -7.272243610838374, 4.002685272305871]
[2.715859262287588, -7.290278996792208, 4.0536075477042495]
[2.489700598855442, -6.933801606203263, 4.035065743126156]
[2.114386490843909, -7.369567973199262, 4.102512114430566]
[2.142179962848049, -7.125974805620145, 4.19652791079337]
[2.1887943031703827, -7.306862907904246, 4.299845835550514]
[2.1439925009104406, -7.288071464401801, 4.3248636410192045]
[1.3544500747937904, -7.515915434839068, 4.47900785983508]
[0.8495875693683411, -7.449550607080883, 4.431046008806756]
[-0.2564261249288001, -6.713424346039911, 3.907002886553181]
[0.14050973578232243, -7.051920174471734, 4.131308215534605]
[-0.05048850303817213, -6.952039017580476, 4.064471767907071]
[0.17038635962645735, -7.211859821314716, 4.121662631997008]
[0.3091869977710578, -7.283210674506644, 4.319772986542615]
[0.2973962183654722, -7.8799158878895055, 4.394245699775112]
[0.2365309497982474, -7.93218372588788, 4.269171721875074]
[0.05201186498296839, -7.6282604049540295, 4.167967889107727]
[-0.7938061168152406, -8.365928530691123, 4.151388810968861]
[-0.44255373510053125, -8.76216960115236, 4.012929931332519]
[-0.4407009122613232, -9.143084428633058, 4.0606021858517645]
[-1.4030703325225893, -8.769921846234498, 4.148034693573711]
[-0.8340978260655046, -9.165135703788334, 4.195924538327796]
[-0.5377295790941925, -8.598797641301646, 3.401406335638158]
[-1.171092311362433, -8.555847390134115, 3.7801856466583983]
[-0.2843999378230161, -8.7661973721005, 3.813506311030661]
[-0.22006699257477025, -8.494779750928092, 3.63834616939232]
[-0.4226576774685818, -8.6118338138989, 3.8326664576498555]
[-0.08569758563050711, -8.918634806751575, 4.166847908282237]
[0.49447233071783664, -8.749766948652322, 4.3032461209278186]
[-0.03839171916654847, -8.560284156798776, 4.706231966476439]
[-0.08140707410629691, -8.654129941881747, 4.732312203747901]
[-0.23689871438172355, -8.334289820566308, 4.518380406625862]
[-0.29034782023554534, -8.167087086836599, 4.60008076552022]
[-0.23589638924061362, -7.328750044695439, 4.58954054662268]
[-0.451777931395387, -7.394698467357291, 4.654608768864422]
[-0.541968979010598, -7.014261106697512, 4.9904186777420065]
[-0.2807606176378966, -7.146412847897924, 4.948651679866825]
[-0.46056231868128333, -7.015679172623736, 5.107393488636432]
[-0.21287937248490854, -7.006188799525909, 4.9722675032456705]
[-0.5335840128643142, -6.579847473036288, 4.996281862843704]
[-0.4863446663456597, -6.470620923844017, 5.001914585524688]
[-1.5145268230208375, -7.086413533517453, 4.829144003802729]
[-0.7699636533255163, -6.699265956471879, 4.585623849778619]
[-0.7198509197875206, -6.811050180700889, 4.568917292732783]
[-0.4803828976540678, -6.715977619605523, 4.3776401308874116]
[-0.45887579429483827, -6.348154834426229, 4.301206819017828]
[-0.35380904120430645, -6.374365005240713, 4.0833331929886105]
[-0.27477045094588104, -6.578656682357494, 3.9806587417281065]
[-0.46977989981213303, -6.663453171278277, 4.0204669956980155]
[-0.11402290561710789, -6.920650119517584, 4.142268299804846]
[-0.23577417632763986, -6.587958697166969, 4.091967689685428]
[-0.23458670225356068, -6.702502481724719, 4.202467127269087]
[-0.24378881218065412, -6.492880334238487, 4.192116157698443]
[0.15055879660246685, -6.757614377940609, 4.132406806189036]
[-0.19464171058568638, -6.771440137509089, 4.114358499577336]
[0.09959161509202084, -6.470507121547145, 4.210649996978778]
[0.7776233846626078, -6.468336001838526, 4.096846237806309]
[1.609525142416898, -5.891582340989119, 4.467118282802807]
[1.4030259714962696, -5.927098396743998, 4.754898420502165]
[1.4356031840437966, -5.851964988521171, 4.454821986248335]
[0.6184413401086817, -5.965052838311375, 4.608867794651782]
[0.09315476648274833, -5.857314023780865, 4.5376510229157025]
[-0.05817357386294098, -5.785883876538442, 4.328666586505958]
[-0.08711252347733588, -5.852497624038086, 4.414733953265679]
[0.915068220572452, -5.592638192407068, 4.229920336936421]
[0.9620700656780609, -5.762756984547051, 4.388348248594024]
[1.197515666696939, -5.657768041981335, 4.667490087732392]
[0.8170079729295533, -5.916822612083588, 4.752223299920404]
[0.5058528167343112, -5.720106481117005, 4.813350260322922]
[0.6327514363932635, -5.525772048727341, 4.972031905367067]
[0.8557601110186319, -5.710694579569821, 5.069542188235565]
[1.3330540215645073, -5.247808665316112, 5.044968809530162]
[1.2919837544438033, -5.158400590188224, 5.172919086970996]
[2.208741358969887, -5.806022135180369, 5.380378244361166]
[2.9109022917242036, -5.372901597346908, 5.258308221504066]
[3.4061459883176513, -5.580385266489173, 5.174015309396269]
[3.4017161144037273, -5.5047599130659535, 5.41966624646044]
[3.6094255523082652, -5.134342765583165, 5.599493241000676]
[3.576934005395217, -5.127889827723003, 5.607462778245776]
[2.5131852161550854, -5.127282477939035, 5.836075384002872]
[2.073130310223366, -5.366679109770543, 5.702239584079545]
[2.9348917626177666, -5.140746253066015, 5.610987066485845]
[2.8636140647154713, -5.304602842993234, 5.784961934453055]
[1.8161171135345258, -5.229672323771546, 5.808922252678935]
[0.6660844687110633, -5.468197141025899, 5.84822829466229]
[0.20201691915604855, -5.4302052245245935, 5.742581240527505]
[0.6865299320470238, -5.196072624910768, 5.626199500945085]
[-0.1568648358462359, -5.407457266823576, 5.7044377319959905]
[-0.8017797996877678, -5.24737920481552, 5.753993072415696]
[-1.91344005419612, -5.820448789854128, 5.231731481377281]
[-3.071013112116815, -5.659550860793591, 5.180391364885166]
[-2.9832710960354207, -5.665466341654315, 5.017922169390659]
[-3.7614819228052956, -5.308651827747925, 5.005994836254017]
[-4.115823786083603, -5.471690253609237, 4.8786245284844085]
[-4.628489054261202, -5.665079343995463, 4.8580952456010245]
[-4.884166235764482, -6.044700140316066, 5.014320781898897]
[-5.40596185721399, -6.091566636197326, 4.983366218072818]
[-6.128507645357106, -6.483665878078587, 4.871872446341112]
[-6.182386011846257, -6.1932403843988135, 4.8034006342128786]
[-6.482950375035967, -6.52725018450762, 4.961749585196736]
[-6.727645621761918, -6.2569479076524015, 4.990798977525975]
[-7.186554602748564, -5.9860357940933815, 5.152461959916422]
[-7.507139435835195, -6.022747573636373, 5.245523024046419]
[-7.491863931837932, -6.333397111847118, 5.4468581457330165]
[-7.981589603170373, -6.418697717933453, 5.475121994867204]
[-7.722222874188432, -7.174342318198501, 5.859932513095139]
[-8.020908199707854, -7.549455467428399, 5.820689566801186]
[-8.274904665455757, -7.254575887796752, 5.921420264548315]
[-8.400100995842001, -7.352351558037698, 5.906783697386864]
[-8.725366521690544, -7.265629658960363, 6.0085853063843775]
[-9.174835432881643, -7.412421913328322, 5.920103571666789]
[-9.595116158022124, -7.4516830677767905, 6.102257727338777]
[-9.761970372481594, -7.791676010339524, 5.922499619196346]
[-8.731349448158994, -7.367210699390086, 5.8546728132564]
[-7.410316153773322, -7.153019871064103, 6.046419600848455]
[-6.492277686041885, -7.54416543113693, 5.9373262612501065]
[-5.654320291871289, -8.218175782128114, 5.838561769852674]
[-5.02025394668503, -7.847279712851932, 6.064616312589494]
[-4.91056851577128, -8.132072965849098, 6.22152101170555]
[-5.128857634013813, -8.174120521609916, 6.110746680109649]
[-4.97266389824461, -7.985416558812822, 6.1517321631967565]
[-3.9832479931782157, -8.385947467016504, 6.187466417416341]
[-4.268870585504292, -8.38698513846931, 6.100322623870629]
[-3.7152044083475615, -8.062997551663, 6.2340086219355335]
[-3.0504685469379162, -8.18637930311111, 5.835263426892688]
[-2.108471519455627, -7.731485842498047, 5.849013458259294]
[-1.982275588128543, -7.250141620940944, 5.875028697098451]
[-1.947985940002006, -7.297462313898922, 5.869528456191214]
[-1.854504101493131, -7.158804323193314, 5.885375128903081]
[-1.7933070538162543, -7.210109567224944, 5.805413676227657]
[-2.6488136428470765, -7.278030736706785, 5.678143566031423]
[-3.0406197299503144, -7.415901512395997, 5.745292290241777]
[-3.707354056013944, -7.336469153570835, 5.894113462523821]
[-4.640504920664643, -7.73407215363107, 5.872492756052418]
[-4.971257281346408, -7.386026242321327, 5.8442565232219215]
[-5.446773614779584, -7.719953681478976, 5.654978758436722]
[-5.405641385411875, -7.489649051109179, 5.60737356026169]
[-5.3762820564611, -7.1272931598129565, 5.71464873650819]
[-4.802725645367648, -7.110867803358149, 5.671403454401903]
[-4.436785899084923, -6.96358894065474, 5.837449595199233]
[-3.196109804229103, -7.056112241424137, 5.921619711337763]
[-2.7658098413822345, -7.165123628970395, 5.958614148242232]
[-2.3822382017333528, -7.02319552892716, 5.988488072096803]
[-1.895598428226761, -7.424362160415231, 5.852623654084199]
[-1.8605585610208293, -7.330996626197417, 5.908962192953065]
[-2.003198004584707, -7.816721684302621, 6.002334164912953]
[-1.5382868862839645, -7.6873012787260375, 5.759650988534826]
[-1.5815659840455851, -7.247402797569251, 5.807418041665577]
[-1.2618878639748483, -7.462965031986419, 5.83714482345792]
[-1.1341502160237356, -7.590948770166394, 5.740337145195158]
[-1.1449476381453074, -7.201929123113739, 5.927282272582932]
[-1.1185163335837771, -7.401328412451312, 5.813778830516977]
[-1.2929696837858946, -7.170564648147621, 6.005775341473316]
[-2.328377549697256, -7.466025554878138, 6.357744580955018]
[-2.30972022982426, -7.498883031472082, 6.519332034384988]
[-2.3910002374858372, -7.57641615503443, 6.56154505576885]
[-2.2600811527901903, -7.542549269228287, 6.707766775044418]
[-2.359503646773007, -7.215244830444138, 6.8750752278775815]
[-2.244790897932947, -6.897800965831187, 7.015225836133379]
[-2.1591158473020267, -6.846471041674392, 7.02249258593542]
[-2.01423197525411, -6.622660817168611, 7.00403182662432]
[-0.8609975056587857, -6.4009733515988065, 7.33973257189791]
[-0.9025556407742289, -6.514867737233954, 7.199352242567059]
[-1.1121485034792002, -6.57138015671251, 6.707247954146253]
[-0.7103925132587652, -5.682132826346234, 6.948756228012089]
[0.08694110107018777, -5.439630249231057, 7.11383629678613]
[0.44450359206442513, -5.820361834654463, 7.656819326767532]
[0.7313669042793252, -5.901852417165188, 7.8392713543462955]
[0.577235403058801, -6.032120051768825, 8.039767531942157]
[-0.8780455799008671, -6.91493444758728, 8.05049040191279]
[-0.9503729489899885, -6.968812736588022, 7.953816268710433]
[-1.376634645799208, -6.96580275077987, 7.882919813115301]
[-1.8850706572210614, -7.226383231067937, 7.7852921024333765]
[-2.977480264800935, -7.559084410990902, 7.29874479639035]
[-3.2084161630550057, -7.14361862515846, 7.127623048276861]
[-3.2288017367503388, -6.696036422149993, 7.0549951007979725]
[-3.6888857395356736, -6.57981003161397, 6.7765964507499605]
[-4.838840736052741, -6.471278845204634, 6.474385501923681]
[-5.919073036672961, -6.498132110286594, 6.287786028059509]
[-6.199460941158715, -6.184352797644708, 6.535522770039996]
[-6.460110147407301, -6.3476823806634, 6.667723992231456]
[-6.503309583133244, -6.469192874809049, 6.813379729690725]
[-6.2865504244333295, -6.527311861906131, 7.075442431723641]
[-7.536085344499129, -6.295248837044084, 7.03130031295496]
[-7.379024508359347, -6.170440744563938, 7.001366433124313]
[-6.577122707061697, -5.947047520770272, 6.795411715315924]
[-5.77273727710618, -5.442041112166474, 6.640437186905997]
[-5.733252366441845, -5.142797879073875, 6.805320451667489]
[-5.8839157457609055, -5.047340215446641, 7.14840018138733]
[-4.971468221638918, -5.042876633810028, 7.327404138867404]
[-3.6632199781100465, -5.154720926585691, 7.457177174216195]
[-3.551320652503665, -5.231156600229983, 7.628216839245515]
[-3.1105134353022907, -5.439069228230377, 7.916778366003411]
[-3.081299544779925, -5.102845603473308, 8.230232072824197]
[-1.9412316001170993, -4.934433268517884, 8.176128021721144]
[-0.8121653179152105, -4.886151831164484, 8.076552187646465]
[0.11456606187576461, -4.931970554639501, 8.132259085992873]
[-0.31345057217594136, -4.969934410826361, 8.217126998879674]
[0.6214410498763073, -5.409961370088497, 8.207016214906188]
[0.9981208893621039, -5.101914080036216, 8.376964850354854]
[1.393601398293756, -5.123247160368423, 8.358909925360011]
[1.3435237678062217, -4.824358757173018, 8.209794930291201]
[1.4035547345803512, -4.418701889238164, 8.222694292768944]
[1.2977313151674683, -4.472578322335256, 8.388083664497087]
[1.1445755175036012, -4.72936438875934, 8.380004931454033]
[0.9059926302334972, -4.645958338798019, 8.471497911835343]
[0.44616591488838897, -4.93518208741417, 8.478331078765677]
[-0.3141959801728419, -5.012101502413693, 8.44643542586323]
[-0.49525995084239594, -5.117101271749334, 8.449594677970099]
[-0.8838029677070616, -5.647598974903604, 8.40572004614739]
[-1.7476768192026513, -5.769566699795836, 8.410848890717716]
[-2.1322065591254753, -5.881620780139073, 8.410028089169383]
[-2.4811351033129276, -5.929285690531582, 8.314413936510086]
[-2.338698058663523, -5.712769234433903, 8.380358908075905]
[-2.0139523932701424, -5.7383321658164546, 8.473395521152637]
[-2.078593114776449, -6.213779254540498, 8.333951358962857]
[-1.6444681690598593, -6.229347013898839, 8.467172811152384]
[-2.0385856730369927, -7.14435012793651, 8.672435068031524]
[-1.6352053602875962, -6.852096948635816, 8.630146665222371]
[-0.3684845547725174, -6.510438989440091, 8.491273101970432]
[-0.14400048868666274, -6.818851115702497, 8.623813287662669]
[0.10813991231378156, -6.754450718247913, 8.606780982449543]
[1.1552934941897235, -6.219269318863448, 8.234863706358697]
[1.5614075988373135, -5.966038775647431, 8.391267155885929]
[1.3275473578912573, -5.748296759573337, 8.562735040616388]
[-0.26062468138560085, -5.282151969033801, 9.077554772640672]
[-0.9400215024420085, -5.456475052023318, 9.327990807501086]
[-1.042507131527075, -5.498376097008106, 9.484540478725126]
[-1.6886693295171329, -5.068405432479518, 9.486905988727012]
[-2.145221425863798, -4.871351990715726, 9.470124196576878]
[-2.5055817798497784, -4.667719057175885, 9.417007048426]
[-3.3427072174767702, -4.776814418951719, 9.322038488100127]
[-4.213886765239612, -4.336236156543643, 9.301248614529175]
[-5.46707165087059, -4.814164388797866, 9.238830535286963]
[-6.3314640818222045, -5.04298387484296, 9.47841423026777]
[-6.741131826088343, -5.345697574703778, 9.546298204415294]
[-6.7748748593908985, -5.3798431692275654, 9.533932768246746]
[-6.153433362323843, -5.822636741122247, 9.544860840568122]
[-6.126018984162866, -5.977222361213334, 9.728957689875783]
[-5.803694187073155, -6.086288689667383, 9.735896570311136]
[-5.67546851375942, -5.713821349971401, 9.898157989614855]
[-6.00454420056187, -5.061242621780825, 9.30130714727455]
[-5.639271452819481, -4.623690343350681, 9.458429485214843]
[-5.629335252677592, -4.829257257654497, 9.349340790585458]
[-5.41857201048783, -4.665088453210228, 9.227329772898296]
[-5.491626257174257, -4.788005868619539, 8.973143690022596]
[-5.978294117178873, -4.739893351091031, 9.239459033888465]
[-5.860431937553422, -4.656716974127514, 9.507682671158339]
[-5.669271973656298, -5.514704700062303, 9.78590730445461]
[-4.085387796083307, -5.220127110919724, 10.637548560766628]
[-4.4655810306235555, -5.205584035207882, 10.76091402575053]
[-4.548887405782299, -4.952678192524678, 11.196217041588996]
[-4.052573396248918, -4.973812182303251, 11.024383808194068]
[-3.795426006936132, -5.240251809892624, 11.377849701679526]
[-3.7885439244913703, -5.2567364840861535, 11.510494352101619]
[-3.5979780230826766, -5.161682133493839, 11.519100013092864]
[-3.380002097097645, -5.33063322080588, 11.539779556564605]
[-2.0217318256229304, -5.574526879987575, 13.017190261168631]
[-2.50507376933354, -5.735851749427451, 14.446757951341484]
[-2.827068623484923, -6.173300206995264, 15.184133792628367]
[-3.708117210004676, -5.9919396952869155, 16.252317469852198]
[-4.2638405866457445, -5.707100339328306, 16.894145633604236]
[-5.037708211390268, -5.851128557132054, 16.98051243561943]
[-5.1152358986096, -5.6785655593403, 17.021512987878772]
[-5.301740855087743, -5.839116114262403, 16.71825906350908]
[-5.444050700597828, -6.234011315032905, 15.941558111326325]
[-4.75520533357415, -6.255895735782893, 15.233295360648297]
[-4.538395337835979, -6.103559247287939, 14.881419073329047]
[-4.454379594368905, -6.533890221386441, 14.479082821170389]
[-4.33762626156556, -6.3978936238620285, 13.822247113750294]
[-4.253345871023618, -6.572657151659875, 13.155452230912783]
[-4.063057142654432, -6.063689510641444, 12.920798701820788]
[-4.434776426581856, -5.938598998692263, 12.658262439216365]
[-4.6848207667687145, -5.637969688845316, 11.68803997770666]
[-4.62921925609501, -5.433339688436778, 11.439942884327133]
[-4.270290144269302, -5.502977851789305, 11.13049454609358]
[-4.884474030755087, -5.462035116878598, 11.37640941060397]
[-4.382940855217182, -5.490319841289085, 11.359519922809197]
[-4.214777281884517, -5.208622999502575, 11.449038934581374]
[-3.841328889420738, -5.286781846959957, 11.545851204194676]
[-3.4027813087878775, -5.560876702098729, 11.54573633795984]
[-4.31421301667098, -5.488526597223828, 11.779949085338476]
[-4.857928278391531, -5.64238955926775, 12.000879632434904]
[-4.345537431186173, -5.893358056645061, 11.860205371317601]
[-4.328829155666345, -5.6477921895282, 11.977985063686399]
[-4.3317290333664955, -6.007650066141229, 11.819987120490117]
[-4.2012948895846955, -5.722416692790721, 11.888161798674629]
[-4.250932229081855, -6.131725742597194, 11.973226893198387]
[-4.351135538230761, -5.975673483753791, 12.161269870066691]
[-3.8134397424098707, -6.190377441452157, 11.929015691520107]
[-3.2235460756817385, -6.173899309150587, 11.80437538796732]
[-2.975231868688067, -5.797873157737789, 11.636551694659449]
[-3.0622920261058764, -5.7252046320723124, 11.541116584850174]
[-3.101432326645943, -5.593728181841075, 11.364336835345663]
[-3.313304563237391, -5.899788754901106, 11.363223455812257]
[-3.4877540923134505, -5.637565676532638, 11.331565801711728]
[-3.8815336196813908, -5.356241171893808, 11.174180712227477]
[-4.0297126921328354, -5.393629094766294, 10.791251779947713]
[-4.203072780478118, -5.413228542780547, 10.782857344613667]
[-4.31431413144278, -5.386956500534422, 10.710346972338002]
[-4.731188059248448, -5.324165881682899, 10.826086318381419]
[-4.911286008322646, -5.362209203914546, 10.815903658227935]
[-5.109030515620239, -4.928045044055329, 10.90549370777753]
[-5.307284115178126, -4.9464346962184536, 10.993107387613083]
[-6.229003198809067, -5.048979377514747, 11.058674360242676]
[-7.776494741751029, -4.8339692777827326, 10.845484547320318]
[-8.618744860059644, -4.926257713615163, 10.893560290862311]
[-8.738482697162215, -5.216639480340776, 10.657009139963602]
[-9.216737084732127, -4.4852305463890785, 10.569668731601297]
[-9.349334906195102, -4.277599196170408, 10.634187089929997]
[-9.481369585087208, -4.421121870293331, 10.697952451886279]
[-9.331728653162132, -4.148099996156921, 10.57858285076478]
[-9.063679396163959, -3.9778837083886502, 10.551599011298832]
[-8.525901477490697, -4.098210944425269, 10.445988109245375]
[-8.373722072398698, -4.088705218618078, 10.437048482931033]
[-8.12259122144267, -3.9631601434511943, 10.537614423033435]
[-7.973711530108815, -4.061789409828869, 10.53818893358052]
[-7.404437386514495, -4.188635094122408, 10.507610618990096]
[-7.908515923205248, -4.40633990429522, 10.580736033998877]
[-8.003709230936991, -4.538402544121516, 10.612821981311635]
[-8.60145140164593, -4.0519263157407694, 10.930169315851288]
[-8.860470723088868, -4.1028468152037885, 10.936928427377755]
[-9.515664375877137, -4.037570002098057, 10.889346928344128]
[-9.554532768692066, -3.9731207633391445, 10.870807739227072]
[-10.002521693836224, -3.891862602655294, 10.871646668555655]
[-9.934433775498068, -3.682416822061126, 10.871840558164568]
[-10.022143330895391, -4.251399190391015, 10.850212274466179]
[-9.901212472177182, -4.156735494474979, 10.780601728227253]
[-10.427880611703696, -4.17429786622807, 10.832428960987693]
[-10.365018335400588, -4.232907405742659, 10.686772679434847]
[-10.321642600988282, -3.9005036414630974, 10.717019006942479]
[-10.382801278200686, -4.16996997060026, 10.773088011376888]
[-10.277295651535084, -3.636373354230276, 10.821620558950382]
[-10.243720142045017, -3.9106035047126646, 10.807080380581477]
[-10.00073504822959, -3.8485819104496803, 10.708765121247493]
[-10.248527652068567, -3.6714560839578145, 10.683528765725562]
[-10.322681487320137, -3.9148461095052065, 10.524466501074361]
[-9.611382121285759, -4.141913974382806, 10.095165378083852]
[-9.753664840286868, -3.823317509884001, 10.177088567629244]
[-9.869672989218298, -3.785452679580688, 10.044852815942724]
[-9.807221340859112, -3.7492116809336484, 9.982583130462814]
[-9.586972541330834, -3.6654864621265215, 9.929960519315342]
[-9.211707076206721, -3.3950682205992693, 9.934812934426443]
[-8.80482950256445, -3.0812526472259494, 9.834618132585392]
[-8.784816101384136, -2.890367304605363, 9.83351319804215]
[-8.01897392317358, -2.0915788781110023, 9.813332881763204]
[-7.995923342486435, -2.003834127464012, 9.65975851763263]
[-7.802452531714058, -1.9248866835632592, 9.550413327311631]
[-7.6008449501417985, -1.8715568766016863, 9.4195312844913]
[-7.242689029007718, -1.6060766893353657, 9.44560554075574]
[-7.006195313971043, -1.7229217676297273, 9.63998156518287]
[-6.892575068172482, -1.5578858119479235, 9.795584490837003]
[-6.457967933698608, -1.4802328173999928, 9.846572195950293]
[-5.669359811537372, -1.366062642456661, 10.235421193290584]
[-4.5740811797365435, -1.882065651562459, 10.116288863250377]
[-3.6364647927263936, -1.8471876689411137, 10.083155955652108]
[-3.3041050018430083, -1.884483720301543, 9.988856729261991]
[-2.419766142895639, -1.7623076645033746, 10.167112798857838]
[-2.391924212416787, -2.2561740848866285, 10.178762170717054]
[-1.747472219727374, -2.1211384865718124, 10.29486091414541]
[-1.742773669949979, -2.235739516878404, 10.292280420727874]
[-2.635108796016351, -2.9929101009302195, 10.481877042058109]
[-2.4634707444849155, -2.984081571441467, 10.351264097404178]
[-2.5064679863141657, -2.9187681119734297, 10.15246949852374]
[-2.14808937770527, -2.695875561013538, 10.000214674754138]
[-2.6696991085122774, -2.5683051494690146, 9.801211028018308]
[-2.276934102286902, -2.516285733584418, 9.697745374282391]
[-2.806165190127287, -3.030877304260611, 9.827839228889328]
[-2.67490124271116, -3.040531458385957, 9.861187379697048]
[-1.907041929496657, -3.206191138370875, 9.907325196148806]
[-2.1334758719110734, -3.5905334967865787, 10.027227912049334]
[-1.2906118074711321, -3.2764515978272404, 10.045326911445262]
[-1.0614563475568342, -3.446473105168746, 10.402670284713952]
[-1.3357144005878743, -3.6746135002019, 10.527413401852243]
[-1.4688119452354749, -4.367815230911769, 10.365482397078106]
[-1.4528248722322332, -4.04212287445408, 10.809484758003137]
[-1.2075020301721737, -4.029578858195736, 10.578898306364158]
[-1.441378294283613, -4.091099091204693, 10.405533448333324]
[-1.9240312747515604, -4.183740142485608, 10.532363180135317]
[-2.455216214492911, -4.282011149442712, 10.679306155629567]
[-2.5739480339972705, -4.553895132738574, 10.74061500056932]
[-2.627484735981171, -4.523381885136206, 10.856650620490026]
[-2.2389282073058316, -4.381573258542812, 10.573257968111358]
[-2.0881710683967385, -4.397933116082297, 10.287134137425076]
[-1.5228975432324363, -4.215728114002583, 10.232487451702632]
[-0.44023685666672263, -5.227482432543419, 10.51280718297865]
[-0.2721875626286744, -5.3700072558144685, 10.845608014279712]
[-0.17030003361809815, -5.826800960726794, 11.232388365101285]
[0.14202409955842293, -6.116830147519855, 11.293440263101806]
[0.16949252434695877, -6.0212218646936, 11.364652742193018]
[0.30050603657625247, -6.515125582042562, 11.246953807793345]
[0.40546616192906326, -5.9284961539827705, 11.164633488283823]
[0.49593498425832916, -5.7792309745603765, 11.130606333201316]
[-0.16398214569175282, -5.597394058863755, 10.463407421132464]
[0.07460858313566845, -5.227278366329238, 10.386713194743365]
[0.024291134045964946, -5.109599039575367, 10.183834969641627]
[-0.3285311315319321, -4.859812372905718, 10.076653689515165]
[-0.4475009024827134, -4.976023004612713, 10.112023548217028]
[-0.02894263072239814, -4.834542816830967, 9.992091886286753]
[0.6779189577097384, -4.830434341423729, 9.928465310380798]
[0.5063535200027256, -5.091255870705011, 9.756371746470107]
[-0.3429187621852285, -4.302539542811213, 10.012306682122121]
[-0.5129262668073912, -4.39653126126197, 10.113742490310335]
[-1.2246769304454344, -4.381267357627242, 10.221776250985116]
[-1.4429282517291226, -4.486898486238931, 10.320790019222125]
[-1.899445061455393, -4.5777682757514375, 10.123830188441696]
[-1.9686201396578504, -4.336937920826907, 10.167956536204352]
[-2.0507569498263023, -4.895622958600832, 9.886745322073656]
[-2.2087722538935086, -4.623610377590824, 9.769800589456016]
[-1.92458553644646, -4.195563064692521, 9.777436285427234]
[-1.9663959654071925, -4.328699011286409, 9.78752919847707]
[-1.933453352712896, -4.345225541141563, 9.910710313901857]
[-1.5807158531864485, -3.8619901872289764, 10.04320209624904]
[-1.5741802658297346, -3.9689244532291275, 9.97231757156557]
[-1.883173785995639, -4.099082414704878, 10.200215928244567]
[-2.0183977111409503, -3.8750628860147476, 10.248479356643923]
[-2.0705548666222473, -4.026766362070301, 10.199862766602271]
[-1.5433124298345424, -3.777632772161384, 9.73854145356333]
[-1.2407022037023487, -3.584344655508615, 9.58086044204052]
[-1.1393075405625963, -3.1549205397492304, 9.507702308404829]
[-1.1513380271502764, -2.7351637382583154, 9.530619625582583]
[-0.7946198166894475, -2.6256139105940517, 9.674672007765055]
[-1.0711765791066268, -3.1547634415224195, 9.610105542445892]
[-0.9034163839064687, -3.118156988407176, 10.247249133362079]
[-0.5335438295978859, -3.155261332843899, 10.746449467317273]
[-0.2939171903294151, -4.104279586082964, 11.09491218492396]
[-0.2316472804508931, -4.164109379985471, 10.98099734120694]
[-0.21208248766521565, -3.7210011322445973, 10.784127548350545]
[-0.47152899821019256, -4.2206856525960985, 10.487212868545795]
[-0.6458479671952347, -3.4874996891193977, 10.358125438271617]
[-0.5192077660422196, -3.779595438349849, 9.976338514100041]
[-0.8302429663058711, -3.217384801807829, 9.790240710977391]
[-0.9546761689605058, -2.7326679090424157, 9.743383621067377]
[-1.1678222870129034, -2.6239445031072144, 10.164645587921363]
[-1.1189487637628888, -2.5305305052892595, 10.457856345701162]
[-0.2401898476946796, -2.6279820724318927, 10.73591153278948]
[-0.0964463801898405, -3.128341731929101, 10.803704805707033]
[-0.29657864149363294, -3.1031814066482224, 10.968218326718373]
[-0.7530152710541878, -3.0362116451669903, 10.91887462544154]
[-1.345169806803147, -3.3581125238057474, 10.798214966008041]
[-2.308853402582963, -3.105245446399852, 10.697214789355447]
[-0.8260840234294484, -2.464902277992177, 10.034393226841031]
[-0.02290960269901055, -2.5774632243473863, 10.260733444501602]
[0.5907031140950663, -3.041657235988594, 10.2595267219305]
[0.7014395223011429, -3.18041627728763, 10.341372288418869]
[0.8695861443743874, -3.3466471077785362, 10.314413187235775]
[0.85301285869969, -3.819049645593854, 10.11938793481897]
[1.1199182533721193, -3.6818872389127364, 10.08383684493553]
[0.6778300469443128, -4.284224903023663, 9.8887169779912]
[0.007801730715870828, -4.688825605602219, 9.576774457815983]
[-0.4405812013854415, -5.015855869226013, 9.185044880001078]
[-0.7341006128858553, -5.08361574038223, 8.704298079775533]
[-0.7613712917268, -5.055533897848884, 8.411038740129504]
[-0.8251464233907587, -5.0405650048822706, 8.111405154667576]
[-0.5745057507511809, -5.08828494732694, 7.9407771944791055]
[-0.5951077182273238, -5.099584167850304, 7.890747712163332]
[0.25285651838081497, -5.735818219223535, 7.485402268224008]
[1.0558137600226345, -6.773180223600261, 7.55906491510086]
[1.770588343094163, -6.845926587039883, 7.650753472311501]
[2.255998349951643, -6.731504930925208, 7.30223704687339]
[1.8819682025301525, -6.397438754864293, 7.253502738207644]
[1.7573796844050789, -6.473553508184745, 7.1868268051334985]
[1.2017959685629622, -6.64911311524602, 7.197211240909821]
[1.0839280761837748, -6.804394555531988, 7.2800473418286895]
[1.0753578155494394, -7.3187637175164815, 7.044188273531575]
[0.6838593601400649, -8.421902587551989, 6.4572653603491235]
[1.0011271310888936, -8.066820283363185, 5.747872714214179]
[1.2251381619910293, -7.800823973167153, 5.6375541668107845]
[0.6398214214783515, -7.709950342428275, 5.8304702298872115]
[1.1017954587059857, -7.536663347861741, 6.073663546560812]
[1.0129967186397077, -7.218365960059098, 6.614044365787264]
[1.5317141501349536, -7.136639101106718, 6.691100298003465]
[1.951819537221182, -7.004280498263964, 6.7979225336894915]
[2.609727463012765, -5.741872274409746, 6.160305722340946]
[2.188421140163206, -5.750126613306396, 5.893291865103855]
[1.9148856962136853, -5.564203391143153, 5.678327613387495]
[1.7819055366652086, -5.283178963441966, 5.521430270309959]
[1.1915338449115482, -5.040279295272747, 5.4940493122293725]
[1.4218026668440296, -4.827227368667288, 5.50698637440855]
[1.272994556029961, -4.441104822244592, 5.050929951893553]
[1.0805291160743078, -4.253445476087801, 4.909480275331205]
[0.27741703169745663, -3.124947023950307, 3.8848541770818326]
[-0.06127046986947368, -2.2929867634400103, 3.605426295043786]
[-0.3209752806256195, -1.5234391056406358, 2.9636455024847987]
[-0.6070377157902556, -0.9386828892902602, 2.706920199983226]
[-0.8772762242921618, -0.8827084144680657, 2.37722132114854]
[-1.5196508095674823, -0.8265817797816146, 1.9809604051140834]
[-1.4614380926494175, -0.8462942358496859, 1.7071362086253148]
[-1.4120236823855543, -1.0604202828081466, 1.476222521040266]
[-0.04022311974130427, -2.3460625556795947, 0.6219081449615669]
[-1.2529451320700653, -2.022669542778485, -0.22403008719900222]
[-1.580370512336884, -1.4171800327010238, -0.6744396509934795]
[-2.008725834434464, -1.453224781202698, -0.8362875378785543]
[-2.200933402932026, -0.6764447495281065, -1.0940672167728351]
[-1.567491536844962, -0.43649464518415193, -1.3916467784460296]
[-1.6336456328975795, -0.017277452840649604, -1.5014478010553027]
[-2.1515127923369706, 0.5320470732901406, -1.601111693401405]
[-2.256169405500994, 0.9475099953579931, -1.7968981684674081]
[-2.815486260334057, 0.8478614748778747, -1.8011422248798632]
[-2.951223121856326, 0.8776559016219154, -1.8909527194765836]
[-3.026880677727496, 1.0061251458424403, -2.0662705919487396]
[-2.8118804230494567, 0.7480757779971277, -2.109255694967596]
[-2.286828869578997, 0.5502415352381749, -1.9580138266066798]
[-2.3053912361774582, 0.6093828021238241, -2.108379074730063]
[-2.7439094438082026, 0.3830549010508137, -2.14581003478523]
[-1.916854157149607, -0.34246415886954973, -2.7293000456142336]
[-1.4350161717220706, -0.368345160403148, -3.0267331777491417]
[-1.2678133347605751, -0.439980911769449, -3.2381340646528725]
[-1.0003817504346604, -0.5841848466035447, -3.404227655930585]
[-0.8718693691577084, -0.7669652492101864, -3.632512445739555]
[-0.6257970783077542, -0.8468860723036203, -3.58469287621851]
[-0.455613675077249, -0.8105226758849137, -3.9517227548039378]
[-0.5441526484789151, -0.7240963910728596, -4.097820014706501]
[-0.05105973536801101, -0.5840536559767211, -4.588149494941122]
[0.05785706526859484, -0.44658674974894563, -4.811871632838237]
[0.2937554468545905, -0.4693417710343422, -4.974139426502961]
[0.6464437135124549, -0.6834511292349835, -5.182242358828815]
[0.49008767799116204, -0.6989049205085215, -5.3624646504982865]
[0.5319604134047624, -0.7959859624724943, -5.448563008683736]
[0.6248025215879144, -0.6793779999684363, -5.704690165451654]
[0.49689538994040594, -0.6093894524653328, -6.067678140332686]
[0.22321883510358126, -1.3563403397179157, -6.540550885247602]
[0.4421593757790465, -1.3970076039692678, -6.878139614223944]
[0.40553376690560994, -1.7632607002659493, -6.973907539533944]
[0.2098991985692978, -1.7842689285785638, -6.84421687895265]
[0.4265422994190342, -1.7414864569973307, -6.78762684158991]
[0.4304322465837875, -1.5186717461906674, -6.7638776783877494]
[0.4314365155586795, -1.4391939523487998, -7.0048170749187255]
[0.1217517099645793, -1.3586257268452637, -6.7512900822264275]
[-0.026719957110448236, -1.221693824684351, -6.595191173865387]
[0.08419501502851949, -1.1548511336480816, -6.466332714277142]
[-0.5231399855669464, -1.1102310097974117, -6.251683965988096]
[-0.8168860734135568, -1.182910644397216, -6.133582375218795]
[-0.5672149969627494, -1.064537935385827, -6.159540306844455]
[-0.08392396104836242, -0.6895771228316449, -6.303431257680744]
[0.4905801049494725, -0.6676157057489948, -6.49247601040539]
[0.8183721348403847, -0.264974044060802, -6.564563759478495]
[2.2252407979787767, 0.9822251146666594, -7.184726564808527]
[2.4976867604703243, 1.2886943877313732, -7.509863922774305]
[2.8068463945084705, 1.3656456132162973, -7.8070589388897185]
[2.9629477962423096, 1.9789806316550678, -8.186741743336473]
[2.9483047047241024, 2.0708033404375477, -8.631737979975904]
[2.7290834493558997, 2.5215573261473323, -8.731673309323703]
[2.4702900355183637, 2.558231199838726, -8.953322674704301]
[2.1591035679783688, 2.903173679892021, -9.059347156557847]
[1.1639614918418353, 2.9742562986607175, -9.827813712783387]
[1.0848667762626902, 3.2595203882446735, -9.899287463427337]
[1.2097512604336005, 3.026980407334423, -9.958212732946336]
[1.3977288675127726, 2.8076953552299417, -9.94407411372627]
[1.6089077867749735, 2.4950694441224743, -10.147015301710978]
[1.5567094657763043, 2.381719364180898, -10.010615016823289]
[1.338927527324604, 1.9517117778653827, -9.706619648178174]
[1.1752804614312535, 1.7903906486608057, -9.45820413790102]
[1.188472500470122, 0.5776575402458721, -9.021079624023661]
[0.8637844219778664, 0.36293238660608645, -8.800894055530827]
[0.9454002054572009, 0.09460859651684791, -8.621994191363832]
[1.1029152271206135, -0.4569233724680683, -8.363587733911535]
[1.1984105931635407, -0.7298948220993081, -8.2685224882799]
[1.5541834917081514, -0.6253778167046241, -8.245565473235018]
[1.733972617779813, -1.0111235794169042, -8.278719444144105]
[1.8043924084412872, -1.1690994459304254, -8.328858108097796]
[0.40985523407208635, -1.9559600634950145, -8.379398052792347]
[0.39685016494830183, -1.994409672417492, -8.229651314414662]
[0.20109424510425217, -2.068409351680711, -8.151148234671982]
[0.018720357888055927, -2.1701843556500564, -8.13025087585575]
[-0.18282352713545127, -2.467533441186639, -8.186365826872176]
[-0.653356917449137, -2.1359312165890643, -8.138474269163817]
[-0.7982719366565795, -1.9340882581180738, -8.187562209686119]
[-1.1243939293824405, -1.812685126174986, -8.217167010202333]
[-1.619202541920157, -1.3982689548092992, -8.376005437194591]
[-2.180646441313776, -1.2821970689027908, -8.362623892803109]
[-2.5192565668605953, -1.1711911732228077, -8.250561595205566]
[-2.6804999754504344, -1.1616312333110332, -8.381568604743638]
[-3.1635968692390515, -0.9724256636795245, -8.331173798528676]
[-3.2292845084441137, -1.1169942349224655, -8.378541587400205]
[-2.9043476941515096, -1.0733889138632475, -8.40008768161406]
[-2.8768527742202665, -0.9902453953388317, -8.475548216148743]
[-3.001030373985637, -0.8696501805382796, -8.493634096971114]
[-2.9417681835639407, -0.7926431987034629, -8.375069532925703]
[-3.0722233514121844, -0.9089035230206046, -8.551380724301003]
[-3.019343156730717, -1.166587733481888, -8.571297910552618]
[-3.4886261699454444, -1.2796891833474426, -8.48937684426215]
[-3.2569998235905677, -0.8569606726045983, -8.417538420734974]
[-3.3131175408416773, -1.0102270760105743, -8.133335383608603]
[-3.298865915156608, -0.8471079815798617, -8.323701108168555]
[-2.8493389580032114, -0.7136597013773938, -7.963154230143337]
[-2.408378151295707, -0.8583657881830126, -7.957822930938466]
[-2.061247067134706, -0.562000236389371, -8.106683099781321]
[-2.1411919250223845, -0.4167821810081871, -7.928006674693607]
[-1.806383498702087, -0.16324019903459883, -8.058886573741049]
[-2.279188241646268, -0.21623645865218363, -7.814705742260933]
[-2.2659791618211154, -0.11037976625623713, -7.813369557414939]
[-2.090369327808615, 0.06992224234909312, -7.73273960055952]
[-2.1589343570452093, -0.05789698045322726, -7.861335435135371]
[-2.2540323185297813, 0.10787633970683247, -7.8085972609039995]
[-2.3376324323251287, 0.06905254365121496, -7.803297707210578]
[-2.5363261329486666, 0.16317788524958599, -7.692456573978373]
[-2.6008841275241954, 0.28198151542108213, -7.843635058893511]
[-2.5849127482952676, 0.38563330228588166, -7.92765375854366]
[-2.6026730490793306, 0.5205323383073022, -7.816222432676267]
[-2.9514523568572857, 0.4473503384362151, -7.785875769801779]
[-3.628986563309498, 0.6699786320288442, -7.7213758893236575]
[-3.615890649597219, 0.5878467548292514, -7.714606065731018]
[-3.858742985732908, 0.6472973624248091, -7.750082589735902]
[-4.452155585086174, 0.5948069084827153, -7.635068885809235]
[-4.717340693110496, 0.5411973975589595, -7.603336315189795]
[-4.893503545542168, 0.36971323324042454, -7.461138481639036]
[-4.8262828220820015, 0.32657114465396486, -7.472744217716133]
[-4.70651332463565, 0.559145082058189, -7.420891942445803]
[-4.920292924533959, 0.576876118551945, -7.490479867169326]
[-4.929669902205231, 0.4803458503690028, -7.326823951910136]
[-5.004882387077579, 0.33444317106555527, -7.242072167065823]
[-5.160681166090713, 0.17809610371335946, -7.115937926283408]
[-4.950282235408998, 0.038187978818306156, -7.157890798597615]
[-5.131615614798347, 0.08329515889795647, -7.1803380181399215]
[-4.992489555083309, -0.04864824121777351, -7.260495492175685]
[-4.834186650070917, 0.12976228314464378, -7.250062013663646]
[-4.770161694345706, -0.07839642658076243, -7.353471237332472]
[-4.815279233919466, -0.25567155741809455, -7.397155246207334]
[-4.359271286231131, -0.13626275006455552, -7.420169434701763]
[-4.518437693024948, 0.03856814195625516, -7.427696480393611]
[-4.238065396162449, 0.1541288748003951, -7.315077217017616]
[-4.060607615917454, 0.1994774387100386, -7.440729663556969]
[-4.122761958359276, 0.15941094417406956, -7.39652748537807]
[-4.393308843449982, 0.12138872952956084, -7.387254253793818]
[-3.9866136561600483, 0.12755814721756287, -7.434512437703095]
[-4.100282575855114, 0.31415346193830695, -7.2435600255211625]
[-4.002808320046279, 0.21851896223661102, -7.242388877345599]
[-4.1025568769195315, 0.20207952774644652, -7.202415241829944]
[-3.8513259777332176, 0.27795089514897325, -7.366585403298905]
[-4.166471952519868, 0.9015690391407446, -7.361336640076729]
[-4.500556808941108, 0.811315794719862, -7.37447010310055]
[-4.4223409666737, 1.1454759420083382, -7.529168542295455]
[-3.975570503679395, 1.7368839244253051, -7.473770397443296]
[-3.862371469977297, 1.6421447014825017, -7.41580692273758]
[-3.170071453719911, 1.6692384010008634, -7.472444990823847]
[-3.3385965329954566, 1.868737161742439, -7.372930430324345]
[-2.676208963635508, 1.961361634521632, -7.689364949507214]
[-2.6728992357658434, 1.9408158979057464, -7.66628318492241]
[-2.4395609754165704, 1.8740707543169888, -7.861485344800331]
[-2.491950241990632, 1.7983503338752698, -7.8030264775089595]
[-2.3779091197767217, 1.7598817899583779, -7.930352194882294]
[-2.07540558109201, 1.920276524809162, -8.243848931384196]
[-2.126040502426345, 1.8525097469257414, -8.269958214499848]
[-2.8060432340827326, 1.7207543946895374, -8.114926776591307]
[-3.2831586288250554, 1.7333682606875211, -8.0140066489252]
[-2.8481071414226964, 1.89072410271173, -8.254770624281164]
[-2.6517070780372727, 2.319774958204148, -8.532710393506989]
[-2.996722597958093, 2.8168471373153303, -8.579709100533544]
[-2.4304028459044904, 3.242799314385162, -9.073875260454866]
[-2.0055482395984563, 3.4024452180185145, -9.299302213534373]
[-1.5328328738669956, 3.0708569356580355, -9.516895122415624]
[-1.5168308506889907, 3.0187827171726482, -9.811209822965106]
[-1.8860840929933615, 3.116782947619945, -10.0398641275241]
[-2.2633059982574593, 3.231938527722241, -10.017678518776599]
[-2.508264656977184, 3.621211599016544, -9.880035125633853]
[-2.8061105688961, 3.820642143251966, -9.644475220930792]
[-2.254164179253798, 2.706128526225054, -8.845847688232329]
[-9.025972713838001, 1.7006487405291026, -9.404784715498577]
[-3.30158025730069, -3.633433016826236, -10.369356721575421]
[0.5450507429892844, -4.274038938216971, -14.038901472850606]
