[2.5189973696777224, 1.7838913493672122, -1.6601944363814132]
[2.462278804966909, 6.6227129303041625, -2.3590266336371157]
[2.388502460408266, 8.540010008020333, -3.392080266700399]
[-3.829259520028427, 9.568361271355194, -3.2294616155514193]
[-6.702771142676564, 10.022768677586619, -2.651151902541875]
[-7.285510135307618, 9.725797056077663, -2.9290395616535143]
[-7.710593056291152, 7.150960530825087, -3.231627849512968]
[-9.26201456077726, 7.290665747083024, -3.9477799821093758]
[-10.293239001180858, 9.262495268764889, -2.31696764165225]
[-9.05163103969614, 8.015226923284182, -0.6069786903307529]
[-5.355908272682843, 6.58037954298472, -0.5288129505666814]
[-2.7017829978334533, 3.0857297692549843, -0.3864158532628688]
[-2.727105021802743, -1.3235508971384864, -0.42055545667797806]
[-2.964526820056482, -2.521524829847577, -0.5773685864604081]
[-3.927410366236589, -2.449000864286695, -0.8833420299688307]
[-4.8767486630039185, -1.6380302179733406, -0.6960048909888044]
[-5.482628061596497, -2.6447040544763603, -0.1886400702122135]
[-4.505748460230924, -3.824962133949015, -0.0892171536989416]
[-4.316960227270846, -4.046723092153646, -0.17977603702570977]
[-4.66920282404379, -4.0690771653406435, -0.29284704111297105]
[-4.962182451540027, -4.317925158412948, -0.19351266151949925]
[-5.129258697059665, -4.692355131462969, -0.34711451157489576]
[-5.151208091351476, -5.440068140924274, -0.6787316967789703]
[-4.774173497060953, -5.423667230135677, -1.33963140018424]
[-5.144642072324821, -5.125219513631082, -2.8744488504496375]
[-4.935325417077827, -5.166516488209217, -3.5766301243900642]
[-5.053065208380864, -3.913568822747972, -3.7306287196293577]
[-5.037017301261867, -3.0313195766022454, -3.7621989767133126]
[-5.227174474633712, -2.0743111057623795, -3.95436816983567]
[-5.1006528996569624, -1.1045905988614646, -4.334502048309764]
[-5.4169708214842345, -0.016978495113506062, -4.596436693509035]
[-6.1349476993101595, 1.5420569389896737, -4.516841514150286]
[-12.409039866155057, 3.4785271139415324, -4.682524936012574]
[-16.17358646253041, 3.197317124366377, -4.473750546074709]
[-18.332742163319978, 2.4126519046070496, -4.2260424945065695]
[-19.403854479648853, 0.830562366561496, -3.6673972745832377]
[-19.9388134501998, -0.3210473935505944, -3.5250430443903067]
[-20.54520682487321, -1.2874423710933114, -3.2072355588934105]
[-20.543791966220265, -1.697549968005778, -2.7577754534614893]
[-21.29352264262153, -3.9097851233160865, -2.477584684400854]
[-20.799046446572852, -4.213632101955048, -3.5809682720189553]
[-20.51789661035771, -3.2520099859927982, -4.444111278227433]
[-20.54161402989637, -2.0493937311804404, -5.958380654019025]
[-20.446054478684054, -0.6594668778793162, -7.9270211562043675]
[-20.36840249668739, 2.8638323364649882, -11.181154862481318]
[-18.847005037442884, 5.386736645257128, -13.502724319710213]
[-16.89014753528137, 9.355804431520033, -15.41978684210937]
[-14.199504181380025, 13.262207674573716, -15.624852742870292]
[-9.084525344682971, 16.040028918723543, -15.268985871999174]
[-7.65078226519354, 16.76548197807465, -14.869485004527755]
[-6.895429861355241, 17.399173760837733, -14.68131208393327]
[-5.957782124838384, 18.280031473169593, -14.741955844464998]
[-5.472412047441088, 18.867572076265784, -14.896468632713914]
[-5.188888088753612, 18.746378884341446, -14.861492971641166]
[-4.784380688659671, 16.600843401990478, -14.196988915076457]
[-4.8759212247447, 14.637361300621984, -13.637784265866333]
[-6.947324142872286, 9.24175497175032, -11.399089550231416]
[-6.593718091823829, 7.859909014664314, -10.701481614273689]
[-9.01609199588002, 6.583919844631949, -10.707776734870018]
[-9.567094101172245, 6.1665246914488465, -10.569321917985196]
[-9.855941960375215, 5.703996396582488, -10.188493187088397]
[-11.549842493725155, 4.968586662058487, -9.549165593773951]
[-12.968937525225913, 4.281704874793437, -9.012342120436653]
[-13.873378352787741, 3.7637289812904515, -8.607658022853705]
[-15.618880160899872, 2.6920534023477494, -7.570619438509872]
[-16.065715465578315, 2.302595376596948, -7.0699878032763435]
[-16.19700041948913, 2.2074426572557844, -6.627093159760066]
[-15.99009104635619, 1.539106374979919, -6.060761145192412]
[-15.672889626845235, 1.3758821089441133, -5.759850299050588]
[-15.553779342989229, 1.1194739987258522, -5.430437826693272]
[-15.197377385365762, 0.6913001088495574, -5.092665294325167]
[-15.02499475299019, 0.35945797225871623, -4.608016922484119]
[-17.41920857990914, 1.8290050876635215, -3.0210135187482505]
[-18.969877692276917, 2.3627103758224193, -2.5334462671665166]
[-19.811045373842553, 2.6567756314159205, -2.554405098263495]
[-20.566491580440434, 2.4192768704361005, -1.9407897908417018]
[-20.71592369383104, 1.8017623535009626, -1.4322491621124231]
[-20.023598739530325, 1.198436385544238, -1.0708366568852572]
[-20.177558478320076, 0.715128453579554, -0.8019111240345143]
[-20.49112595235222, 0.5836621701001646, -0.7856045041642586]
[-19.043132420696512, 2.2868018605096325, -2.3708348154490593]
[-17.442898142305957, 3.364298631137461, -3.0488255847317918]
[-14.213267105375166, 4.510713072524986, -3.9636107872393005]
[-11.692790547425208, 4.9876742234711005, -4.460582197622409]
[-9.834581171537893, 5.410160954836564, -4.914021936223961]
[-8.019690679488603, 6.188489611083798, -5.262790386246868]
[-5.701937317032047, 7.5658725983291335, -5.696099639350693]
[-4.703483112959063, 7.892437134845202, -6.014833030501781]
[-1.2824886738848456, 6.882198411845488, -5.033058115857909]
[-0.6664189831338354, 5.441398717349478, -4.1686881245021326]
[-1.055970275313468, 4.515592037452118, -3.5392489711874506]
[-0.7085428997993504, 4.202937175244386, -2.9556861367685094]
[-0.6943677510435041, 2.829116639704864, -2.1368935342019997]
[-0.05972922086690809, 2.269791745228646, -1.4851289977684545]
[0.4138929854485953, 1.7502322046619645, -1.0056613509413657]
[0.2966787791492242, 0.6423933417619351, -0.5517501417600467]
[0.23252218536577365, 0.4127262811190444, -0.03526482283933864]
[-0.02160500538850618, -0.5682616515798681, 0.5143542941303354]
[0.5115814800471502, -1.199607969498689, 1.0057505598976773]
[0.5583645300640594, -1.4431564975328695, 1.1944002940767522]
[1.5328867545000755, -1.9096681447114248, 1.1536010002946993]
[1.3412212023957213, -2.884266000678336, 1.2606494786138425]
[1.438107060411304, -3.1099412860971514, 1.3728640331584114]
[1.5078177655311042, -3.1749168175671736, 1.379253370560615]
[-0.24580619086522437, -1.2288326991250513, 0.25661031289183]
[-1.1016631657228397, -0.4167513052061929, -0.0545691946179186]
[-1.2156234022850474, 0.2505309415970557, -0.2018634808734067]
[-1.4722814637115094, 0.40132335271722847, -0.24675351939972545]
[-1.326716822295691, 0.28249674564976696, 0.06313632497567392]
[-1.5727982423331852, -0.1791010720097387, 0.6246994882033133]
[-2.3071312946532703, -0.5212172292949965, 1.0400967013951612]
[-2.8949063004583917, -1.188162491272338, 1.5460280286666392]
[-3.4429401171154557, -2.991734781953596, 4.0313577820148225]
[-2.1824383903687012, -6.748525646641983, 5.4772065039833695]
[-1.9967599070024329, -8.056968156994833, 6.484975544121623]
[-2.380752685741643, -8.777667272412549, 7.010707945289709]
[-2.7797131862884292, -9.055163830797948, 7.6186342047868685]
[-3.5220628195485455, -9.682985637215005, 7.710904692893296]
[-5.923769289014561, -9.916082068361641, 5.9222897358425755]
[-7.675370911299671, -9.225558891890625, 5.005599201076775]
[-9.347678640363851, -7.981059133667076, 4.924437163185908]
[-13.38312765292625, -6.468873264917658, 5.6943938762139075]
[-16.69238133366978, -7.094352615444522, 6.645315537738106]
[-19.87275751121269, -7.769579664129855, 7.398523873088637]
[-21.598545059686327, -7.518727745413641, 7.627903638757136]
[-22.698417062079894, -7.441743448988692, 7.636016493937815]
[-23.885470287702628, -6.764642147863325, 7.623943734857544]
[-25.960351678108808, -5.330433051749826, 7.190818374836833]
[-29.77484210258481, -4.256057211856347, 7.208834751071569]
[-30.779261495374346, -4.187188493234842, 7.001356772378835]
[-31.149685311783465, -4.365685052185152, 6.795304487349777]
[-30.4529925594637, -4.672245263172737, 6.916343356328193]
[-29.850792345532398, -4.721282073959415, 6.955928763025378]
[-29.23387541735426, -4.859576838747451, 7.083356717560636]
[-28.697916673700014, -5.036950459172342, 7.292413930201352]
[-28.132128925735213, -4.918918835268429, 7.435745387670493]
[-27.02245041828662, -4.986620159668189, 7.828125574950316]
[-26.281308480424133, -4.590025476580693, 7.928099873618917]
[-24.36313583473376, -4.1055402980547555, 8.050071920900661]
[-22.73918892307873, -3.8701988511095315, 8.163728265876395]
[-20.98328481788239, -3.577168028842562, 8.045458217269468]
[-18.351445579452328, -2.938667007621001, 8.257002992654167]
[-17.02942254735886, -2.7677558482900793, 8.24402714225177]
[-16.47714275516348, -2.8994844707960103, 8.283849881614339]
[-12.736416265769364, -9.609173262087484, 9.050609636650947]
[-13.59370589725581, -10.603877650418676, 7.4453953886779995]
[-12.145877372693969, -13.872326699718469, 6.678230048209819]
[-11.374050772679851, -16.12166404840113, 6.47713910242108]
[-9.306322912403923, -20.454078342405023, 7.206858010777146]
[-8.3862317265932, -22.80139684229554, 7.529733671665557]
[-8.062649878754918, -24.06080329075829, 8.22699509850733]
[-7.718239859020213, -25.06834439880247, 8.881859994705927]
[-8.13638957371737, -21.648688196203313, 8.848593029005006]
[-8.419135909781714, -20.76020555932787, 8.858943932955706]
[-8.399036876586827, -20.767047030885422, 8.868528151619948]
[-8.100129828626518, -21.189684968008137, 8.93455069823171]
[-7.390482612994612, -22.6731107737272, 8.992016775141602]
[-7.184219505932232, -23.23480511497796, 9.146652044977388]
[-7.039505235947237, -23.29390062017105, 9.162354426659407]
[-7.196365369528342, -22.82982811208352, 9.24983235792653]
[-7.970424160405441, -20.894181974753543, 8.816374654698313]
[-8.2134257367345, -18.309322716936247, 8.275583960414702]
[-8.759281830304852, -16.795372363297446, 7.771219343667706]
[-9.053608824383515, -14.985930798821194, 7.3443376649439465]
[-9.222636320994619, -13.07853780066044, 6.923559940335014]
[-9.527804204120189, -11.219725472582338, 6.503495122861078]
[-9.921295307212805, -9.770271453106028, 6.3185061046647]
[-10.081157848059366, -8.214069755227435, 6.182589433015839]
[-8.929720967064243, -6.083884290634572, 7.8854290590509235]
[-8.505200896922005, -5.930559212847311, 8.591530049991556]
[-8.530387054078608, -6.32114613346391, 8.741170935544268]
[-8.714358091859628, -6.018192463012917, 8.804357484318537]
[-8.799833553647275, -5.90696517943016, 8.818895013970225]
[-8.881032467900152, -5.771544854481044, 8.747848376340748]
[-8.634094002651699, -5.5819418814650605, 8.663137365723347]
[-8.406428732432627, -4.7279393137036605, 8.593032309602952]
[-7.800629475792875, 1.4433370511183357, 7.022721506853778]
[-7.627875255225617, 3.555545515110988, 6.4113274617559295]
[-7.864073326693016, 4.768127368984126, 6.192543842394256]
[-7.9181030571725755, 5.879609375093058, 5.960753264959972]
[-7.967504624305846, 6.782770177187081, 5.7216365156299664]
[-7.815353521735815, 7.999569744925158, 5.463116340242609]
[-7.7402725063258115, 8.891536025683052, 5.273330157273324]
[-7.700614904398547, 9.486029126789523, 5.25666837544981]
[-6.686282069192531, 12.93291978380445, 4.652989453348333]
[-4.793082469852389, 14.246144636689488, 5.568287980996015]
[-4.807690484612358, 14.334914703287698, 6.146341224573022]
[-5.07053112990802, 14.861073491144033, 6.330752895802777]
[-5.114991118831577, 15.353400612827665, 6.330627477529689]
[-5.247144054452918, 15.656841460069433, 6.226415857745264]
[-5.50148442433853, 15.597807107018044, 5.9417096173623785]
[-5.430754715749794, 15.319241756237666, 5.631121384219451]
[-5.436117147031047, 14.789474421052379, 5.689007492981452]
[-5.355436941343028, 14.829356805381698, 5.715721538222494]
[-5.350836949276812, 14.905608282097994, 5.722751512404099]
[-5.608276677978014, 14.785986210119091, 5.78038197374621]
[-5.513480205801826, 14.578193053048507, 5.74111998688247]
[-5.325550290606134, 14.764929948339782, 5.855023082097429]
[-5.2993730278178175, 14.46017515819731, 5.8094338246717045]
[-5.289509851599318, 14.378169552797024, 5.9375518997029255]
[-4.075483461557996, 13.381346900945019, 6.388658000585284]
[-4.436869390035468, 12.409061532316395, 6.761974559434204]
[-4.606817474376652, 11.60548843341711, 7.115948021779791]
[-4.527587944280601, 10.532501139925643, 7.320602727746812]
[-4.671177345954396, 8.922251198138857, 7.449374119650061]
[-6.846374987773055, 8.930718255982507, 6.503733582248887]
[-7.760229747789052, 6.6282849910985, 6.643239094711767]
[-8.10337215625765, 5.415481602092936, 6.75459753566077]
[-8.710265504467833, 0.7822755584557922, 7.722687581413212]
[-9.46398193211318, -0.691154211001889, 8.327621333838765]
[-9.199498070514482, -1.3394092307325403, 8.503178948493318]
[-9.365940634428785, -1.7172273315852749, 8.708594873437617]
[-9.74968900673151, -2.210620849369182, 9.100580358426706]
[-9.699636775987884, -2.7099566183991843, 9.063565678917248]
[-9.62303704728424, -2.705613001584235, 9.08293115939553]
[-9.594824545291187, -2.91671201713552, 9.044497373149675]
[-9.658978991408373, -3.5635532135554038, 9.204030509198821]
[-10.022486097815902, -3.7944446942931687, 9.33430072878039]
[-10.063394744888054, -3.8268924500010355, 9.31433095020547]
[-10.296445041242391, -3.9043252465532343, 9.310484931211386]
[-10.52010232081068, -4.1949963421219, 9.317056190360306]
[-10.865914729474348, -4.425583147841684, 9.414195450859625]
[-11.215283339676777, -4.787428631975732, 9.401145358593656]
[-11.903400626598334, -5.251215945731688, 9.32855089234389]
[-13.974388897431735, -6.66394348528404, 9.407828601617041]
[-14.968241694451454, -7.242934156261873, 9.314234615057833]
[-15.952577047288404, -7.80165513258004, 9.378353638566843]
[-16.42813338456611, -7.758478334962534, 9.684669273993686]
[-16.825506901892247, -8.197547617177902, 9.801377097766702]
[-17.009996555062152, -8.279183891670593, 8.69732085536427]
[-18.16938491121051, -7.419860842862685, 7.302205874274252]
[-19.574461154755554, -8.055246657220874, 8.93417241662431]
[-21.25080545385696, -9.158572372071324, 8.353495140956369]
[-20.688886847016196, -8.814054568688762, 7.4294990981424816]
[-20.494891733326956, -8.532647095918662, 6.6873346380064635]
[-20.57750187385853, -7.742055012381559, 6.088832500497937]
[-20.38463724400711, -8.326187726211696, 7.668996675075593]
[-20.05037205241467, -8.751789093655448, 7.0238426570329455]
[-19.714640813789778, -9.136432630263863, 6.995216754694822]
[-19.39533969519595, -9.81558230484392, 7.1580946866120945]
[-19.98358539479332, -10.413041960848968, 6.773260231567609]
[-21.048862893538466, -10.166527255964954, 6.850872804261586]
[-20.517937384618076, -10.44387544770318, 6.7351560787386395]
[-20.119411825693778, -10.608199951027219, 7.0495862521993455]
[-21.050509617950997, -10.650842042063092, 7.166845104410756]
[-20.366650043979227, -10.8372834709683, 6.939836568408808]
[-19.908287789786616, -10.758838876889321, 7.0944374044620115]
[-20.640899143171957, -10.875898174500726, 7.24094335841837]
[-19.714638402768344, -10.514484600575532, 7.08550487788179]
[-18.760660103862893, -10.95735931449197, 7.2634726043528275]
[-18.686622651459754, -10.902102375227097, 7.688336242781712]
[-18.856458390954817, -11.108964821397029, 7.478605800596849]
[-17.868745450336878, -11.058260867966792, 7.408591184171818]
[-18.39766589440518, -10.425426115389117, 7.303228407200069]
[-17.367021113129656, -10.424343809360014, 7.224966039241353]
[-17.631233820805814, -10.005557582946803, 7.084019522914854]
[-17.745393018312054, -8.326499313143108, 6.558246925649525]
[-17.313936987050646, -8.824717356073476, 8.00273031047909]
[-18.02538066295456, -8.68876721453176, 6.968106270669363]
[-17.723508613316067, -7.993716502297813, 6.530731341809815]
[-17.363478583118784, -8.986945155280782, 8.297594488992146]
[-16.840003425976366, -8.963848465418042, 7.247388877913226]
[-16.980617738287904, -8.745143426491492, 6.662742349840627]
[-17.57807757329172, -8.016612963013305, 6.531872216981948]
[-18.770859037918804, -9.19900694461767, 8.79267060467511]
[-18.06158106271063, -9.742582103455923, 8.554640599759747]
[-17.617664650205764, -9.072624502777726, 7.92660133044068]
[-17.31815296840887, -8.51901851900584, 7.288122460664561]
[-17.11754309616477, -8.100594600311982, 6.821782567594036]
[-18.424518107915375, -9.025644144916686, 8.877827665630372]
[-19.217774525262758, -9.57367455602616, 8.61273353164506]
[-18.69451926471961, -8.714516257478525, 7.927560997956699]
[-17.859152226614142, -8.03582707163829, 7.298604372308577]
[-17.935557779473143, -8.9577951496292, 8.980616176698206]
[-16.57371210035377, -10.00999724693136, 8.860483246996429]
[-15.306235554399585, -9.51433630809557, 8.745211661884873]
[-14.175709184556101, -10.155721216311072, 8.654657893277431]
[-16.28314688979872, -9.39232438940744, 7.860895139609377]
[-16.238198475696095, -9.104849383243472, 7.604591510486607]
[-17.42415858540862, -8.498934676743621, 7.337214993991472]
[-18.57747954698006, -8.220966679976382, 7.172809224513355]
[-18.38488128813154, -9.389767992917173, 9.001705250091566]
[-19.393557450469814, -9.716620919775647, 8.882444786772034]
[-18.844168261657813, -9.23821395056493, 8.533430188431904]
[-18.31396936754674, -8.853695624115547, 7.948414531644704]
[-17.948035393921838, -8.65586990832485, 7.348123118262856]
[-18.998444699648946, -7.986197306915515, 7.292679722369943]
[-18.656239594877473, -9.483684140808629, 9.413375955889752]
[-18.784556687539176, -10.098288209324558, 8.52262754957816]
[-18.34482575791542, -9.80726608498954, 8.046560252225467]
[-17.850461705975437, -9.414215094893729, 8.04613053097156]
[-18.84063864640454, -9.481615297045957, 7.826907319782062]
[-18.373409243060912, -9.517790984402035, 7.5758077384919345]
[-19.313293328785505, -9.324496094951176, 7.569951675432636]
[-19.920875094376274, -9.222664741638432, 7.277004275827018]
[-19.488206628137196, -9.190127153275322, 7.174790170125937]
[-15.983536639776966, -8.321450552464226, 7.235113317345796]
[-14.523301660529063, -9.72879688733314, 9.674929933122348]
[-15.693540649911037, -9.637538308497618, 8.74882314481524]
[-15.011201822274115, -8.510622004543139, 8.082490078171599]
[-14.352532292742094, -8.26167825584669, 7.878024439866933]
[-12.784352527313601, -9.468893594680036, 10.027049833819014]
[-13.597310066190346, -9.249203782088102, 8.976311162901249]
[-12.720060711790634, -7.84903749289333, 8.544354557416655]
[-9.799765925324726, -9.520413383431741, 10.359899896066711]
[-10.011091615547228, -8.99868136077847, 9.17493639801045]
[-9.50350293244334, -8.09525469709818, 8.720936921503034]
[-6.590150281487335, -9.049349904784123, 10.333800679178923]
[-8.102511439546626, -8.670586939592614, 9.141640955823085]
[-7.057044723057445, -8.189355513535773, 8.582862059634621]
[-4.7073888743305705, -9.498511201724838, 9.961975418289121]
[-4.817721726510035, -8.735097662173505, 8.820646542706063]
[-3.380651225010728, -8.95464750576226, 10.147805880306466]
[-3.914073387953395, -8.692742266581211, 8.865365137320412]
[-3.1709919557612385, -9.384253206831783, 10.245022783618749]
[-3.8291518564659657, -8.790090527979334, 9.008243908726717]
[-2.762160952630982, -9.779951706311648, 10.445963221370263]
[-3.001783105886754, -9.053809816979047, 9.049112871383006]
[-2.8303653279660383, -8.010207566127214, 8.684553788201491]
[-1.3169577456858632, -9.70693617311067, 10.27528747957512]
[-0.8682029170104345, -8.758256537126906, 9.635565781121104]
[1.6220135995833416, -9.57654072321595, 11.018043858753732]
[1.0738119454916897, -8.771273532933279, 9.605265300591546]
[2.2506634161332486, -9.598522776494294, 10.820255334067815]
[1.7360284593345978, -8.542528503057278, 9.41384020253049]
[2.5057342608540614, -9.571284774494725, 10.776006347793862]
[1.5370186771591958, -8.267810421675005, 9.296720818489613]
[2.557282929084887, -9.21066012761823, 10.774676749357532]
[3.411420719589193, -9.228528580906985, 11.218440976094112]
[3.2214563438913637, -9.773076037491212, 11.31601241864108]
[1.8570604601782812, -8.489061519448246, 9.541254207299461]
[2.356171914002813, -8.781115131400837, 10.838819266011532]
[1.9411937091272544, -8.605327847294074, 11.410679266847037]
[1.6184056207337587, -8.510464002261147, 11.452492346887645]
[0.8164324545171412, -7.956998286391957, 11.449395542851505]
[-0.07224799430829341, -7.6724569894704455, 11.372098154533687]
[-1.3249429507619035, -7.503466243948608, 11.281223437278028]
[-1.4281973671128578, -7.800806805554941, 11.165624546844692]
[-1.4134810048242579, -7.543499429706736, 11.154241128823996]
[-1.4285332798246644, -7.5331459022941845, 11.109279444592495]
[-1.4433223201367942, -7.6287118583976845, 10.931661024545434]
[-1.4377680916708957, -7.430855829345644, 10.909833969812592]
[-1.4839746532513114, -7.453277874147454, 10.906118216730778]
[-1.502821031270118, -7.463951085234943, 10.891323544111588]
[-1.6895236704534111, -6.357187097400814, 10.750914955269936]
[-1.6566681031918982, -5.809538742517296, 10.628084093041435]
[-1.818755540878924, -5.428880787967561, 10.53273522876417]
[-1.754512307609015, -4.5000880100668486, 10.418871386785941]
[-1.4716746863656995, -3.877420730964927, 10.215259778484585]
[-1.4065752826937268, -3.582463735305439, 10.187751582477993]
[-1.3601974384066604, -2.54749752425797, 9.917613875941653]
[-1.3467958500320858, -1.7635464160907095, 9.756010587792018]
[-1.4615488579219518, 3.197164349890732, 9.13896964001601]
[-1.3528133212482738, 3.690195125678023, 8.778112616778552]
[-1.2986030843380338, 3.6584626199156673, 8.710180330646512]
[-1.2003742948805418, 3.459187300731697, 8.650568135566015]
[-1.0200368001128046, 3.4752708855778534, 8.580250058010591]
[-0.9046682112989848, 3.0540043871578173, 8.49517922063746]
[-0.90356157135549, 3.067390659876637, 8.480657091953358]
[-0.8188773114653383, 3.0905431856819257, 8.476500556444103]
[-0.8746840698585507, 3.115175727034378, 8.221263130389056]
[-1.339173470914427, 3.2155541579743065, 8.142429631285529]
[-1.2597616118956583, 3.235912162091477, 8.14279211238256]
[-1.0577378545084573, 3.367704296425128, 8.0887854976632]
[-1.0636332549152614, 3.611768819491292, 8.101984204618592]
[-1.1096216662475133, 3.692851413744872, 8.1221621777201]
[-1.2340860292436313, 3.8758702718307707, 8.182782502423079]
[-1.1855451441726228, 3.9097866618647155, 8.150248133064482]
[-1.0102885812647084, 3.9876293955788182, 8.059953888599837]
[-0.8949814254805277, 3.8635514608402897, 7.932381962360288]
[-0.9023725563407097, 3.6928378890460123, 7.945448138363813]
[-0.9641133608404878, 3.5861746978420204, 7.962963321148937]
[-1.1341524977761577, 3.22725488795129, 8.012333754626683]
[-0.9504654706463992, 2.9901062323101786, 8.084303058445396]
[-0.9602942865315036, 2.76138922450885, 8.119155149226739]
[-1.0527978970543561, 1.8516623179405431, 8.303174742118308]
[-1.2656686138880542, -0.6082200476439524, 8.56373710477295]
[-1.3062414333189856, -1.5925485302165407, 8.628784755494]
[-1.4691468778491177, -1.8271018457561468, 8.917722451133642]
[-1.4105642941395031, -1.8505779668774776, 8.966492514398844]
[-1.4112812519920896, -2.0114741882345935, 8.954452153069806]
[-1.5974939752011412, -2.135391936747032, 9.184985965852556]
[-1.5456561285232666, -2.398488584859931, 9.256014794656002]
[-1.479093936245427, -2.368728157129235, 9.240541971463553]
[-1.6997678118624717, -3.059285749758763, 9.385463143274128]
[-1.4670680951266213, -3.4259736526093563, 9.306550943790901]
[-1.4821701716622313, -3.9385241038742786, 9.509880187921215]
[-1.5809494391996914, -5.359183950558569, 9.673168476615615]
[-1.5120672723429371, -5.650437030724409, 9.716933035634735]
[-1.312613388145006, -6.603146604168756, 9.815165083832246]
[-1.3800704897432639, -7.404727321752721, 10.029055826172007]
[-1.3603664207777386, -8.955892268995502, 10.350051167566583]
[-0.8695363404956212, -12.730074070817311, 10.880252444678728]
[-2.963056527641332, -12.329232591449566, 8.949026172785848]
[-2.7906568847144, -12.878507801495488, 8.22533403185038]
[-2.4061822510393793, -14.192980549729318, 7.881395819474564]
[-1.8412216756107769, -15.464503234220706, 7.644415003325399]
[-1.79977266381671, -16.187278915829822, 7.5570463944177995]
[-1.7528532963764891, -16.99381065456405, 7.625736183703471]
[-1.5848456997268938, -18.09502976986376, 7.564379447947245]
[-0.9608467168337111, -19.289307227306352, 7.589247604189524]
[-1.2318143459841655, -19.495755921381576, 7.604796597172599]
[-1.4873971671728219, -19.52926265382302, 7.58394694203235]
[-1.7304314026236611, -19.474992832652656, 7.606264347803045]
[-1.8343159989649285, -19.465586131748008, 7.6225111563427745]
[-1.7403468160180755, -19.098870638969576, 7.512631053103172]
[-1.8369766364682625, -19.087097837364166, 7.51868664104122]
[-1.8706827677992828, -18.733619350588658, 7.425340860222493]
[-2.909621988258035, -15.137100244511268, 7.1614193907469765]
[-2.7504603018970015, -13.582297324976699, 6.878241982698424]
[-3.6083394929655888, -11.023348998559099, 6.646492418599909]
[-3.772359937614609, -10.078338740168649, 6.52043273129974]
[-4.844306511489193, -9.086692992477923, 6.406531396489863]
[-4.595351346029429, -8.251087452117106, 6.216157950581683]
[-3.507607954684359, -9.63099154491384, 7.706285737556219]
[-4.802423300780761, -9.17594814049088, 6.4964570634813885]
[-5.40506555215606, -7.117787891823212, 4.626729657495697]
[-4.968614463547852, -6.6335556792361166, 5.775296578530592]
[-4.448454648143631, -6.900523912073479, 5.938033168807646]
[-4.155715797532727, -6.661365677233583, 5.432992735848186]
[-4.324251444761849, -6.349289656369951, 5.113168563205902]
[-5.333336535483208, -5.748191728390431, 4.56103692513626]
[-5.52988198658263, -5.083088779129064, 3.99971833396149]
[-5.321174522675959, -4.711098756519673, 2.8235631234781113]
[-5.487891023068131, -0.5856929898901779, 1.159614803132081]
[-5.1772216707696685, -0.07664082231881532, 0.7212833918547241]
[-4.621127400058592, 1.00383798216822, 0.6677730401542089]
[-4.337063934293541, 1.5126419228475518, 0.6716904608776127]
[-4.1188871587297955, 1.8578129189315071, 0.7768956988518143]
[-4.514732179914284, 2.0895627018373535, 1.0927222209949679]
[-4.367368773030006, 2.362478459564097, 1.334468694237704]
[-4.89947845801819, 2.4646519455932, 1.9849627065539097]
[-4.198437125965325, 1.1590612946990824, 2.659034731414358]
[-3.0478923120644525, 1.8582417555070525, 2.1793413206509786]
[-3.097048780082227, 2.6987816561899773, 1.6921373621466451]
[-4.157106795306591, 4.027172840417033, 0.9482789325646834]
[-5.032536707686483, 5.036834157663135, 0.4465149890459663]
[-4.844427615155338, 5.545088289337345, -0.8685314846497083]
[-4.951468909445882, 6.383460917153163, -1.5598298363156151]
[-5.297152419473125, 5.944736778522346, -2.2856642768947446]
[-5.084672926466751, 5.209557225619644, -3.591962953662023]
[-5.098361616402271, 5.546275186240606, -4.251777469405856]
[-5.398914694093755, 5.55208423552579, -4.857797647050263]
[-6.293703615773917, 5.983991674113861, -5.330225517256012]
[-6.527265073346859, 6.2154362044439, -5.6370263277374875]
[-6.67515683849335, 7.001115389083487, -5.987287223945012]
[-5.951361842041747, 7.279923883621233, -6.361514273010856]
[-5.889997173348542, 7.69537652704883, -6.251990943717373]
[-5.814388896788829, 9.134348269781814, -6.04184185088178]
[-5.446500267402915, 8.883175492262165, -5.116768350210312]
[-5.491261324497301, 8.76937792443635, -5.681039028951211]
[-5.284247419246567, 8.431379375260354, -5.6572065629498045]
[-5.255126548667478, 8.342659128015598, -5.686093741022728]
[-5.311380691332946, 7.915024126544719, -5.526051607939946]
[-5.826067833717193, 7.300755942316454, -5.451977754902979]
[-5.696713397331422, 6.611907930938989, -5.2418873189044985]
[-5.51867408123483, -1.6731249684508112, -4.695731200092894]
[-5.940357609089213, -4.693027918715759, -4.3090957254472455]
[-6.134172500343018, -6.069847233623954, -3.8757704869451706]
[-6.545958158185682, -6.296027263326473, -3.7375866602685535]
[-6.67893311118932, -6.327277366742437, -3.6469005638744023]
[-6.892249878107921, -6.78021269853734, -3.509054236197175]
[-7.054179020379904, -7.485064731889527, -3.430480643964763]
[-7.106356885522332, -7.526568983326138, -3.416541769595225]
[-6.373016874783599, -7.415486408682383, -3.6222195442610436]
[-6.741711019189772, -7.489729507819968, -3.551302200293668]
[-7.401335469695093, -7.522293256985635, -3.4787586596801354]
[-8.516453534321535, -7.490161523915505, -3.3569413323800705]
[-9.114297036815417, -7.341685233059307, -3.3203904265753654]
[-9.710018265263413, -6.515178939224896, -3.3147413797511924]
[-10.252397690886879, -5.659546403037177, -3.2207941764238814]
[-10.211903497527057, -5.252388408656278, -3.1925477429445523]
[-7.803311093585101, -4.016050954651679, -2.6057385532317143]
[-5.9608449048963905, -4.146243180593045, -2.0656616346634435]
[-3.760064743115249, -4.090187683921854, -1.918709827917167]
[-1.5238542232087382, -4.475461062789143, -1.6426065039270512]
[0.41091490528201663, -4.765147069727814, -1.2823646059228946]
[1.0165126779765248, -4.595883229128786, -0.9112788068494538]
[1.1602365190755728, -3.946987002837987, -0.5064236286861629]
[1.8631156995527867, -3.451925314042682, -0.5966978662956821]
[1.3717842005048326, -1.9924419860880598, -0.2941570368480506]
[1.327596139543246, -1.9314855294787803, -0.27983575359866186]
[1.031287663835943, -1.4249767206889583, -0.42617299474522924]
[0.1818519730604332, -1.5949241848195317, -0.8172036113977148]
[-0.05591779997636736, -1.3038584398570643, -1.2911678804795526]
[-0.6264555868480258, -1.0052720158978958, -1.4943803013185746]
[-1.557565880132337, -0.8321024470312174, -1.9460430707770966]
[-2.399649115935555, -0.6229852630094294, -2.6033076114206835]
[-4.526683116794907, -0.8781232101499501, -5.523911000565167]
[-5.611680429759591, -0.2823857179075354, -6.794945047277337]
[-6.024511099032149, 0.07071905805206315, -7.363536596304099]
[-6.514621287622848, 0.0340830552080443, -7.7915184517569624]
[-6.842809774536076, 0.5830326808759815, -8.53536726128838]
[-6.9179218923418295, 0.7085943257565105, -9.040462333546904]
[-8.592042913431591, 1.9709019120379931, -9.550273577476803]
[-10.257060772234857, 2.999857638785387, -10.30105686263982]
[-9.382236358360066, 4.567492814570217, -11.886315945269919]
[-9.238723471302608, 5.127809158549791, -12.100608577677937]
[-8.911313321113854, 5.636284506550853, -11.93521051289531]
[-8.628494552152832, 5.737324230727834, -11.694241664717952]
[-8.371217226118345, 5.8433982375290965, -11.295333104328922]
[-8.232940905715248, 5.401179266457906, -10.984480721840642]
[-8.007998648444847, 4.46984009724099, -10.23709078031907]
[-8.059992427697201, 3.6000431586328956, -9.574265328221479]
[-6.733027899122879, 2.759045548245492, -9.984093610230046]
[-7.00679872480166, 2.762226242678176, -10.34703235992558]
[-7.7864394681393, 2.819554547533532, -10.580341178728927]
[-8.354826627666212, 3.2201808150279554, -11.371330864004328]
[-8.92804480362617, 3.368536078523117, -11.87613862263631]
[-9.253330754157489, 3.502688948672263, -12.254168340591226]
[-10.3307848647175, 3.625303757282543, -12.431355297330178]
[-10.345127888963997, 3.6187626245807287, -12.731644149575436]
[-7.675567664110542, 6.4578384031965035, -12.655699342079677]
[-7.525302806560925, 6.202277558772344, -12.183724154031099]
[-7.9619317470462905, 5.324407870303278, -11.609584994296725]
[-8.354179552798838, 4.661524280135577, -10.962105514749961]
[-8.9505731511918, 4.157150736272782, -10.45574091952255]
[-8.950075945619393, 4.067748722537382, -10.332585436241887]
[-8.945475487497307, 4.074467740939297, -10.001146453800695]
[-8.62261239261599, 3.710696611701035, -9.959027572237112]
[-5.874845199259117, 3.0615435248337057, -8.80407296197261]
[-4.984486652982294, 2.3025459515091384, -8.310069313768206]
[-3.8145141882103664, 2.125592575585608, -8.137664423208408]
[-3.2883062819436137, 2.3626793478756456, -8.210093045100729]
[-2.9351632098691254, 2.453884653290628, -8.608150188864965]
[-3.7339654791884236, 2.858294213719512, -8.895416482846406]
[-3.806469897636716, 2.89345994360999, -9.049768243915526]
[-4.628681828701652, 3.7156297522987756, -8.929668879332937]
[-5.802213542551318, 3.1635983641151038, -7.99454728370935]
[-5.874105167632275, 2.7573869425910766, -7.899962474123213]
[-6.394898483588904, 2.385268057621087, -7.747848914504176]
[-6.782068461380065, 2.619050270987805, -7.563783657384796]
[-7.246265764270968, 2.4264224965847734, -7.38410652875867]
[-7.666608003816173, 2.4229049960129294, -7.200080395053668]
[-7.552239540772494, 2.1887637963157887, -7.30523550348366]
[-7.812330874153002, 1.7101456921097287, -7.5109051157538484]
[-7.283654684292167, 0.9682541335840921, -8.897215047503593]
[-7.6147486396724595, 1.4053368407008693, -9.351697127463993]
[-8.060050618260377, 1.4831032353875444, -9.77365817489237]
[-8.409927066566354, 1.8569107213117864, -10.016606189803612]
[-8.988569167017278, 1.9495904791952876, -10.237395234740907]
[-9.222344955923328, 1.9824986021231383, -10.535544311597397]
[-9.116054335287945, 2.2603314097166773, -10.721627389526452]
[-9.24346629220087, 2.7302876606209074, -10.752236823846118]
[-9.945777682789341, 4.060384425155153, -11.14811215472933]
[-9.455279371909311, 5.305306513377154, -11.487066000145596]
[-9.036774628304133, 5.69900548362285, -11.805978692878059]
[-8.878577387333598, 6.227646748390428, -11.794863844466867]
[-8.136897388105394, 6.576370620140083, -11.977205375994064]
[-8.06459859940722, 7.2965155142075435, -11.826620337690082]
[-7.7153941653069635, 6.9732822904225324, -11.5324720134269]
[-7.620784893205447, 6.739880633240698, -11.37327055229055]
[-9.51483066281048, 5.5717640342733485, -10.908734870695447]
[-9.78693428734597, 5.3683807674929325, -10.42195120041304]
[-9.947771307311381, 5.1671034117292685, -10.146163973085502]
[-9.920416031085942, 5.02455231732554, -9.516932664835688]
[-9.84878151534977, 4.773450178657831, -9.143684393056988]
[-9.901491838607516, 4.650754635411581, -8.853884008568121]
[-9.912093320164344, 4.732614720306902, -8.74125104881444]
[-9.816892592568056, 4.869937990323642, -8.668463896710188]
[-7.896014690048476, 5.1593618188691055, -8.32679610427033]
[-7.900944381138332, 5.159827450959431, -8.32523327171249]
[-7.905857795987419, 5.1603153529564985, -8.32364865236234]
[-7.910754776056372, 5.160825578314126, -8.32204221773732]
[-7.915635162894665, 5.1613581804579995, -8.320413940175639]
[-7.920498798150425, 5.1619132127853655, -8.318763792842361]
[-7.9253455235792405, 5.162490728663171, -8.31709174973426]
[-7.925340131602362, 5.162283098156927, -8.317791561578893]
[-7.944540824564427, 5.168440885063394, -8.298454168380838]
[-7.944538166947741, 5.168242761793083, -8.299140593645502]
[-7.944535975727038, 5.168044639110202, -8.29982630633674]
[-7.944534250762234, 5.167846517254244, -8.300511306217548]
[-7.944532991913198, 5.1676483964645925, -8.301195593051053]
[-7.944532199039592, 5.167450276980812, -8.301879166600484]
[-7.944531872000925, 5.167252159042513, -8.30256202662928]
[-7.9445320106566735, 5.167054042889423, -8.303244172901044]
[-7.944532614866069, 5.166855928761204, -8.303925605179492]
[-7.94453368448829, 5.166657816897834, -8.304606323228542]
[-7.944535219382387, 5.166459707539186, -8.305286326812258]
[-7.944537219407196, 5.166261600925273, -8.305965615694804]
[-7.944539684421564, 5.1660634972961486, -8.306644189640704]
[-7.944542614284037, 5.165865396891912, -8.307322048414376]
[-7.944546008853333, 5.165667299953045, -8.307999191780675]
[-7.944549867987601, 5.165469206719683, -8.308675619504307]
[-7.944554191545199, 5.165271117432208, -8.309351331350388]
[-7.944558979384338, 5.165073032331186, -8.310026327084138]
[-7.944564231362895, 5.164874951657092, -8.310700606470883]
[-7.944569947338812, 5.164676875650623, -8.311374169276155]
[-7.944576127169803, 5.1644788045524965, -8.312047015265593]
[-7.944582770713464, 5.164280738603406, -8.312719144205065]
[-7.944589877827278, 5.1640826780442355, -8.313390555860536]
[-7.944597448368754, 5.163884623116029, -8.314061249998293]
[-10.096836218663181, 3.1343317580050747, -8.737214901065956]
[-10.092390051378645, 3.131014438468943, -8.746104330521897]
[-10.087926977997565, 3.1276691515660215, -8.755026639616627]
[-10.08344699007857, 3.124295837445157, -8.763981727912238]
[-10.07895007948916, 3.120894436757439, -8.772969494654863]
[-10.074436238404685, 3.117464890656557, -8.781989838777724]
[-10.069905459308337, 3.1140071407997962, -8.791042658903999]
[-10.065357734990414, 3.110521129348927, -8.800127853350068]
[-10.045279092180007, 3.0993507753938867, -8.827617502412188]
[-10.040612349544295, 3.0957499028379925, -8.836876906747708]
[-10.035928593600058, 3.0921204267898825, -8.846168052926707]
[-10.031227819535067, 3.088462292813425, -8.855490837179634]
[-10.02651002284061, 3.0847754469823347, -8.864845155454498]
[-10.021775199311158, 3.081059835880902, -8.874230903420221]
[-10.021009178019945, 3.08239562044741, -8.87039378008947]
[-10.020256612407822, 3.0837327666478225, -8.866535179186421]
[-10.001309404928042, 3.080866909763661, -8.871046118559004]
[-10.000610190473402, 3.082247502028019, -8.86705329930927]
[-9.999924658086796, 3.083629213041505, -8.863039300741145]
[-9.999252832072473, 3.085012003038373, -8.859004163992097]
[-9.99859473661855, 3.086395832323756, -8.854947930334882]
[-9.997950395796884, 3.087780661273906, -8.850870641177274]
[-9.997319833562656, 3.089166450336591, -8.846772338060873]
[-9.98620620987995, 3.0841967105068866, -8.858996773621797]
[-9.968765118597224, 3.0779096815670326, -8.873974069414208]
[-9.96814791773208, 3.0793601235754258, -8.869776201065031]
[-9.967544706433117, 3.0808113790278346, -8.865557564466876]
[-9.966955507812992, 3.0822634087336915, -8.861318202020591]
[-9.966380344865815, 3.0837161735764895, -8.857058156255126]
[-9.96581924046705, 3.085169634514354, -8.852777469826671]
[-9.965272217373602, 3.0866237525804294, -8.848476185518335]
[-9.96473929822332, 3.088078488883265, -8.84415434623908]
[-9.964220505534964, 3.0895338046068916, -8.839811995023188]
[-9.96371586170803, 3.0909896610115557, -8.835449175029485]
[-9.963225389022625, 3.0924460194341297, -8.831065929540756]
[-9.962749109638994, 3.0939028412881777, -8.826662301962767]
[-9.957429364009847, 3.090282188762706, -8.836493428345221]
[-9.952092212708711, 3.0866321770630143, -8.846354732701634]
[-9.94673765807255, 3.0829527565138575, -8.856246107664274]
[-9.94136570273539, 3.079243877957129, -8.866167445624441]
[-9.93597634962767, 3.0755054927519145, -8.87611863873582]
[-9.930569601975467, 3.071737552774956, -8.88609957891752]
[-9.936356631135208, 3.0744465711241187, -8.879174305872393]
[-9.942113364926154, 3.0771432961873524, -8.872276326674333]
[-9.947839803325047, 3.0798277573826116, -8.865405763069202]
[-9.95353594688879, 3.08249998445699, -8.858562736610672]
[-9.959201796755623, 3.0851600074870196, -8.851747368656463]
[-9.964837354646013, 3.0878078568783622, -8.844959780364038]
[-10.018549212601538, 3.1003738729341657, -8.818462301226694]
[-10.035545742416497, 3.1056201040315212, -8.806891649682894]
[-10.052266970992097, 3.110911004688947, -8.795391573995323]
[-10.068711507623474, 3.1162469831841713, -8.783964319970476]
[-10.090423284050312, 3.1230431485995487, -8.770103340333925]
[-10.111648952370315, 3.129956060491129, -8.75631556463767]
[-10.132384715769788, 3.1369868170113477, -8.742605614514959]
[-10.152626955068465, 3.144136534706344, -8.72897811854211]
[-10.258775800412401, 3.1880689792424373, -8.650605123769834]
[-10.282100503096094, 3.201423415788792, -8.625321526284367]
[-10.300184270930414, 3.2128670742655165, -8.603270995933256]
[-10.31555456431179, 3.2209249223420233, -8.59123349067921]
[-10.33041043563565, 3.2291141733857582, -8.579329299429682]
[-10.34475049873673, 3.237436148298341, -8.56756274386659]
[-10.358573572120056, 3.2458921751596184, -8.55593810292335]
[-10.371878679792173, 3.254483588777872, -8.544459608844273]
[-10.412476682460738, 3.2804243722953843, -8.519119441691032]
[-10.42073562444708, 3.287481743750374, -8.5101676967169]
[-10.428700806798368, 3.294599041465004, -8.501348943672637]
[-10.436372729440183, 3.3017768435887174, -8.492664996358306]
[-10.443751956506624, 3.309015730684123, -8.484117637223205]
[-10.450447064091067, 3.3140081954453136, -8.481537708826226]
[-10.45704008469575, 3.3191755366211453, -8.478630871553996]
[-10.463527374495401, 3.324519286617162, -8.475396382755344]
[-10.486858234547713, 3.340715167062756, -8.471207385252281]
[-10.49607178190712, 3.3457595551482595, -8.471127729165811]
[-10.50053412491085, 3.3472417207554686, -8.472320119127827]
[-10.505125954558967, 3.348836320791532, -8.473019972415278]
[-10.509844122276716, 3.3505470160704363, -8.473226518220011]
[-10.517716510027615, 3.353561790081728, -8.472517743103198]
[-10.52274994105707, 3.3555931782286086, -8.471431873001091]
[-10.527898239240816, 3.3577538395102295, -8.469850610984668]
[-10.570706018301152, 3.4048502051101415, -8.410144675747489]
[-4.502732174698894, 4.679590864382517, -3.9269511538068382]
[-1.0845428574117144, 0.5934110340001006, -0.9072830502195526]
[-0.5151784807272385, -1.89591685015119, 0.7807148216087612]
[0.5609721076646434, -3.238949183608463, 1.515117584992499]
[0.23326473730899872, -3.256390016641667, 2.193240367419218]
[0.534730196364105, -3.717382006875261, 2.3779117593094847]
[0.048817150133733854, -3.560316499820399, 2.336352645641431]
[0.34957364727201845, -4.3333786182929686, 2.6576355656864177]
[-0.11064824520847534, -6.027735355796584, 3.257776281147154]
[-0.9579755617695422, -6.793928221809587, 3.781470084449054]
[-1.281763542324365, -6.913480240140148, 3.79305265591591]
[-1.5605513660508243, -6.953896245875777, 3.61997428255851]
[-2.309445264447841, -6.028998833052566, 3.925165839080088]
[-3.027573360968724, -5.164676238582454, 4.1258017169429975]
[-3.176160477253407, -4.9707301772978685, 4.533332768107524]
[-1.8553680374510455, -7.26533387560257, 7.375224118822938]
[-1.3077733979410826, -9.506296769637393, 8.943333209716236]
[-3.2039297679549925, -9.608654061328462, 7.523321278219186]
[-2.899951146752829, -9.682719433120935, 7.591241900217993]
[-3.070438768392466, -9.133107686133835, 7.8073733570006185]
[-2.3899789702686585, -7.990373705340188, 8.264399024063717]
[-0.20017400750043166, -9.366567110696561, 10.576047812632005]
[-1.7973536318610062, -9.399255661059549, 9.421410756205075]
[-2.4401670180656634, -7.991524454408715, 9.397705625307964]
[-0.5842945772389919, -9.715332221770307, 11.412669786550945]
[-2.509711392462307, -8.58944125146883, 10.130913543049498]
[-0.8231095445302661, -9.625494628681484, 11.551568204041985]
[-2.2588311747720624, -8.842286244185791, 9.957643183711754]
[-1.1249471240345237, -9.15615107438618, 10.913163723115906]
[-2.6019815894988407, -7.580433125531178, 9.075276576934598]
[-0.35509426169833996, -8.775640986368433, 9.944875289520088]
[-0.9856362021551693, -8.52269124492208, 10.181731898017988]
[-1.0681124048499515, -8.40750541802176, 10.395077075605123]
[-0.9875518883156649, -8.692771570509487, 10.502710934037362]
[-1.0385161084659964, -8.048082300871414, 10.631089555881031]
[-0.6776381061748271, -7.812304576765401, 10.61734085283359]
[-0.7624390725271001, -7.515007547457852, 10.70351435319842]
[-0.5042984481375135, -7.516379613751541, 10.739241027618283]
[-0.5501054753373211, -6.737140478633654, 10.77403167411099]
[0.48546599818978636, -4.108415194205861, 11.363767917687861]
[1.5132877351602951, -3.5617749594059016, 11.55396687791456]
[1.3547795834165657, -3.821852413110158, 11.739095120700227]
[0.8587244238169449, -4.276745617746633, 11.81409587454497]
[0.010172844578708328, -5.19965011009399, 12.101911822369384]
[-1.011139613325293, -6.374478168171482, 12.310435726237372]
[-1.7082878282636762, -6.741825624762952, 12.299862324978093]
[-2.069675190551014, -6.756279644334768, 12.782645045080123]
[-4.160625712056418, -6.042274803791902, 13.053060567735644]
[-4.160754844851297, -5.910059832965007, 13.054033344929357]
[-4.583543682364103, -6.08960898886569, 13.10260814169357]
[-3.8786419037070603, -6.296632452881156, 13.306652171467814]
[-3.67185556887519, -6.340202060886254, 13.454994608511932]
[-3.520950175952913, -6.490686361017262, 13.57481466890109]
[-3.6298538042205286, -6.511321741443475, 13.800546754436956]
[-3.911774541139136, -6.281776980820218, 14.371747451259361]
[-4.778992854850919, -7.30328146419655, 15.232522169497724]
[-5.365086983649222, -8.07703771190023, 15.63680024473942]
[-6.083430704003234, -8.386385724179066, 16.04950618792394]
[-6.8893548338035, -8.375144594890406, 15.909228601381887]
[-9.754896627538317, -7.682333165203279, 14.563636042437995]
[-9.194279332660624, -7.9711366422945025, 15.691768371464208]
[-9.620090767250726, -9.031439009714955, 16.05236534802321]
[-12.909951965266183, -8.807885573938607, 14.483258840199936]
[-15.245669234984348, -8.260898973884117, 13.629494021692489]
[-15.933406152564089, -7.9472148373955, 13.223200290904915]
[-15.983283342809505, -7.680195374812449, 13.135969760245223]
[-16.113806282772178, -7.250943785285303, 13.02736051876087]
[-13.917767083249217, -8.41277254554369, 14.743380165122815]
[-15.454782183981814, -8.037826495647256, 13.5459073150898]
[-15.55897253418703, -7.7573539600242425, 12.980717357140229]
[-15.243748545165676, -7.431195137023239, 12.636920368515629]
[-11.444463747192865, -8.211429581163614, 14.561926254874242]
[-12.681292586513083, -8.040450057532233, 13.69028264710605]
[-12.50668902844348, -7.218922082822709, 13.155946002627262]
[-10.173554409557749, -7.608183551401033, 14.873680586207291]
[-9.644303037426234, -8.608118637456725, 15.658965630380047]
[-11.287953090835453, -7.494748814012363, 14.257746760274406]
[-9.072696941350745, -7.671040876363061, 15.373197633138172]
[-8.354508769984323, -8.17059300752563, 15.854387630981439]
[-6.794177914767221, -8.00654045256064, 15.826604914243479]
[-5.610789247545582, -7.775693238688668, 15.734595193768916]
[-5.23697909391307, -7.774580118552621, 15.529622336758676]
[-5.6462263274437134, -8.059306350634905, 15.551223914649505]
[-4.688044435207535, -7.884333136498672, 15.515288367579048]
[-4.444246915384087, -7.9388971656041285, 15.482931459970828]
[-4.642514653927637, -7.771468271132579, 15.642085985414274]
[-4.9281704751737125, -7.747869847712934, 15.843767386705386]
[-3.2921490821586525, -7.522115629922831, 15.890690097210822]
[-1.9044990626778644, -7.917739809221075, 15.604623539208886]
[-1.5037892071834058, -7.812838109446566, 15.563743939715277]
[-1.213510539149402, -7.702231719765625, 15.65072446560777]
[-0.8487367958069241, -7.744393262305621, 15.70971894938456]
[0.06851652413397309, -7.830886986284211, 15.352805618040128]
[0.4900898769800602, -7.846266434713311, 15.479149607714598]
[0.6186897846752244, -8.133987827371657, 15.497526005363973]
[1.025447476544001, -8.548255940426419, 14.788041018325607]
[1.4537209847817003, -8.6285633474883, 14.648978173758955]
[1.260648114713328, -8.690640594870686, 14.388166886977444]
[1.2329597877802148, -8.640138721893276, 14.352642804398652]
[1.4679778258202418, -8.801463261822377, 14.065477963861838]
[1.177286480953689, -9.15591203680296, 13.931618972474094]
[2.02614086432476, -8.967608128633445, 13.624349333909304]
[1.9265465478977482, -8.812987567546593, 13.511043097348685]
[3.892103306171131, -9.576846817196229, 13.613906332456292]
[4.164663483942771, -9.701365372988418, 13.478778125047754]
[5.028016718628196, -9.502654478655213, 13.242855416949942]
[4.959767451835962, -9.653753430305741, 13.155217335952672]
[4.911189255347104, -9.480817651096972, 13.110489697909067]
[4.585753228769715, -8.828057079480523, 13.23332127261879]
[4.277442546244883, -8.687355114763328, 13.231936396298881]
[4.180506570254541, -8.55166924469284, 13.255494382343631]
[4.466981904629203, -8.15267937381765, 13.519535215148025]
[4.613251878047201, -7.795193285340261, 13.716871766380283]
[4.416902911898307, -7.873962648138522, 13.750321585061139]
[4.385465506464061, -7.800132327831056, 13.865302813882371]
[4.376877531162633, -7.7849697026109, 13.854410761913163]
[4.230356646096585, -7.687552471600553, 13.969397022993821]
[4.023535592623539, -7.761142129457095, 13.975293765444306]
[4.07007260553445, -7.859659723740443, 13.96381342213412]
[3.1259954497692264, -8.414604544052228, 13.802334228718381]
[2.9784845159071334, -8.491339942959323, 13.814240107975326]
[2.93595206210677, -8.5243830951537, 13.84028447078241]
[2.963685387670294, -8.587325643521005, 13.805251182552805]
[2.9956300330973376, -8.79298421940615, 13.536131085091528]
[2.8986868721967642, -8.578073871147344, 13.447857211073066]
[3.030238874629093, -8.018087098446696, 13.500297704397617]
[3.375793625970035, -7.775873424957557, 13.512669553522569]
[4.714535821521553, -8.109991960036643, 14.177834314382235]
[4.974083321483982, -8.964816132986112, 14.583032259081794]
[5.205032724578182, -9.681329002305224, 14.896044977503841]
[5.315349862908493, -9.83150491898434, 15.170291079765157]
[5.395355896001506, -10.62357326685981, 15.17197563640833]
[4.227895868493006, -10.16963793372874, 13.53497919276626]
[3.515489700872873, -9.410806863495834, 12.778694557464043]
[4.796886597428664, -11.230308046360285, 14.398158510317094]
[4.238355750271586, -9.367476907733023, 13.108659301890743]
[5.260264595980679, -10.552905966403253, 14.407031999921955]
[4.653449092029157, -9.093166986637792, 13.129710964731405]
[6.838653466668167, -9.94041031915305, 14.396791658964117]
[7.410226972933552, -9.755416497127966, 14.899528680383375]
[7.766812395603996, -9.605543133184812, 14.806903713361244]
[7.936610809214766, -9.042686593941145, 14.625850810776258]
[7.825451335151307, -8.87397100163292, 14.483971899768514]
[8.448666044721927, -8.12298271420817, 14.268948764088245]
[8.341076435066922, -8.137682825399692, 14.38353045302091]
[8.227598180508862, -8.02879207671201, 14.244810778689915]
[7.919458142997125, -7.824336078078486, 14.192898369559465]
[8.11267505314047, -7.285952502267026, 13.92239692218381]
[7.996818783400855, -7.096488620405923, 13.829382068382387]
[7.999419613772923, -6.9559682132002285, 13.73421976208938]
[8.915441270594718, -6.530538335946464, 13.501563737297888]
[8.488997454032639, -6.011188238113846, 13.185573714859675]
[8.392924190726005, -6.044393026487966, 13.197442738751075]
[8.421525727308127, -6.327251935983569, 13.00727745459696]
[8.447360597271507, -6.412431930686212, 12.997508516235731]
[8.082165150121057, -6.1603156734055045, 13.10684235536395]
[7.770311653395628, -6.36195352080117, 13.067546388034893]
[7.265746865812785, -6.4205112424597175, 13.086505408383912]
[6.913118318789562, -6.720689904529823, 13.061046489541194]
[6.122201894510055, -7.63512272408812, 13.344518522836667]
[5.659546096715115, -7.450139785979312, 13.452343218150247]
[5.679845993820454, -7.815631919514318, 13.50786130247809]
[5.333940184932011, -7.735897117808257, 13.66592567540707]
[5.849803479399488, -7.45311011416013, 14.01374227008247]
[5.65694160710522, -7.990955479960208, 14.124049785059075]
[5.2264302377220835, -8.129122100078998, 14.310295233981492]
[5.2847048267392065, -8.017232314150483, 14.57194935962264]
[6.250197265902936, -7.841197775379321, 15.085087485523731]
[6.204842488390542, -8.104794492068276, 15.335382372688857]
[5.701101598515945, -7.951663294837694, 15.59605965899015]
[5.914167278035422, -8.188868219856516, 15.655250301496835]
[6.025698468971273, -8.149698854382706, 15.75804748412642]
[5.633663653645716, -8.290988346427122, 15.82047908552054]
[6.062744655761307, -8.314268324914048, 15.942512306743243]
[6.1235550508261465, -8.428698443224024, 16.13127541253168]
[6.608689659360142, -9.217774046865555, 16.173167865757964]
[7.057242513746902, -9.82907310171334, 16.29905638111448]
[7.331487010095006, -9.496611549438095, 16.44888704249613]
[7.914444659017866, -9.369383710323056, 16.62456711897053]
[7.617384807350433, -9.703597659783329, 16.649027296583117]
[7.733395979468383, -9.508658807418072, 16.650327232877064]
[7.837922253910937, -9.364057263317141, 16.35043571859187]
[7.991365557286872, -8.61830426636071, 15.959035782737192]
[7.2008780547556395, -6.996734573980364, 13.726000337618068]
[6.840521595031944, -6.230948286161412, 13.27372226448664]
[5.7268172813484, -6.020198433866122, 13.02449536125265]
[4.965372590545455, -5.825006287411579, 12.756943193451725]
[4.29010612743348, -5.7083368456605195, 12.301658774279753]
[3.402011361436239, -5.505205872398281, 11.2503301625847]
[3.048824396022929, -4.95417607556519, 10.899821589403436]
[2.5673150864004493, -4.828369638063522, 10.069607483413456]
[1.8544816278762069, -4.586057015333032, 9.30604272742347]
[0.9114342464924904, -4.375965509534314, 9.341498538892761]
[1.1520356761041106, -4.257879956547398, 9.32138541472016]
[1.1316248278585705, -4.272426809537687, 9.539735687053117]
[1.8680723574189597, -4.200835998762325, 9.907093744654142]
[2.2859166732084284, -4.517324912026465, 10.098633700967406]
[2.4057317101286584, -4.95953518808201, 10.412727321051888]
[2.4921054999648, -5.113126803085302, 10.942444578276955]
[1.9018831670337977, -5.747226457650189, 12.538649606180108]
[0.9093449632459449, -6.529453495807176, 12.98542683225669]
[0.22677067914483925, -7.054382987441249, 13.57964254440544]
[-0.3848216642855113, -7.4789662195133495, 13.84349637406707]
[-0.7498912471437083, -7.517813997817381, 14.073553020610033]
[-1.1505236945855557, -7.917041884624834, 14.093925538432504]
[-0.09353432709242436, -7.876397225684756, 14.161283243101181]
[-0.3090685151370039, -7.735350968313491, 14.13415900463576]
[-0.40698008858097107, -7.20192659581946, 14.253247536174271]
[0.3628537632980504, -6.616122401883417, 14.160520958208782]
[0.2963296715557983, -6.402367342565273, 13.634896851749554]
[0.5507562411918128, -5.948432747256022, 13.368368881785573]
[-0.06248556217686999, -5.244215414572647, 12.592771992457875]
[-0.006772059493344115, -4.401850434054911, 12.074929721123103]
[-0.751454583098591, -3.7534899354687363, 11.310114524608311]
[-0.9981182236510543, -3.374862314032925, 10.763262375503373]
[-0.8408462558755497, -2.579471172301096, 8.665956874709462]
[-0.7275692856654251, -1.4903172289089033, 7.3003640066879845]
[-0.47700247200672996, -0.7184397036666471, 6.374231734094974]
[-0.2339319129864472, -0.14119407098496933, 5.608865507700617]
[-0.42690327109531, 0.5786239404439844, 4.983518910543908]
[-0.4276707398703778, 1.4663598383983747, 3.9713642344146867]
[-0.6128501453010223, 1.7406819852060698, 3.5521496884546693]
[-0.6460370379882335, 2.1945403355367916, 3.2402259368448894]
[-1.9414734891083059, 2.0595432380390872, 2.4206965304035073]
[-2.3406667159740913, 2.3198529568475865, 2.083008167092732]
[-3.240089431341821, 2.3947847066411327, 1.9769503204528756]
[-3.7505086423749305, 2.803056534404566, 1.9718715094883899]
[-4.269894710068684, 2.985915169358836, 1.7764406927619696]
[-4.997442235144961, 3.2474323619638876, 1.6370410393931005]
[-5.060441862668856, 3.607366581791461, 1.564654147128775]
[-5.768700991645503, 3.7867962042360297, 1.5745681961899192]
[-5.293978445323765, 1.8336593466939508, 1.5574005255364398]
[-5.07385344591985, 1.2680497044222099, 1.5274702820319002]
[-4.797703124395598, 0.7305166435525454, 1.5662161871815674]
[-5.3197055284630546, 0.5792392497769591, 1.6391822097716495]
[-5.040624370343172, 0.5371025967515459, 1.7737334745461837]
[-5.545445643491228, 0.16403144898968103, 1.955437300472923]
[-6.367324499001301, -0.28670961855660915, 2.238693504492513]
[-7.200865513705861, -0.6174426047024886, 2.331956830704749]
[-8.359856164892092, -2.339505662035854, 3.645917994872192]
[-8.21802588663492, -4.87958494481862, 4.97824525695468]
[-8.47825958843706, -6.112240234677984, 5.8793040848312685]
[-8.817060040724927, -6.423418355382149, 6.290438758207292]
[-9.852951482725762, -6.9648939256677265, 6.361040503253296]
[-10.159883444818687, -6.986656277032541, 6.062849244715249]
[-9.904257663035471, -6.463168066312765, 5.965836523349962]
[-9.348689193457734, -6.266137844233553, 5.822057195079567]
[-10.397151393404572, -5.045403969432898, 4.2606650123743]
[-10.480455908935966, -4.286010255352031, 3.177512937672703]
[-10.727716601218521, -3.949767904055214, 2.1510901918587]
[-10.687936421306102, -3.8585122247231407, 1.5205927384246074]
[-10.766189298033922, -3.443370226946886, 0.6388182113918153]
[-10.438836028636894, -3.0619335699272043, 0.3493777398224465]
[-10.527152671404114, -2.733772584383327, 0.01683205495324211]
[-10.385744050520822, -2.3217533814578624, -0.37622878521705055]
[-10.543410713430607, -1.0884737839504313, -1.1705378076490567]
[-10.148151620406223, -1.3412192852076792, -1.2942896884957622]
[-9.455301162203746, -2.4425215050882567, -1.0302419207952485]
[-9.328811587302246, -2.950173471292168, -0.9186545202809121]
[-9.623941938321117, -3.4857804771719056, -0.7696562997439447]
[-9.602082113513191, -4.5912318361056705, -0.3451866455185871]
[-9.61467971196488, -5.085837111336617, -0.28227203119580774]
[-9.535932474528462, -5.617019184548849, 0.0033876865615380665]
[-9.185415018090227, -6.309158362446244, 1.0483799864956387]
[-9.216941898203611, -6.5060582787745975, 1.2844638623065632]
[-9.443103514499912, -6.687123441560615, 1.4185303243790177]
[-9.563566741841433, -6.881079037504693, 1.5152131861219047]
[-9.490958097858835, -7.114392665129738, 1.6057397700842087]
[-9.574365320675971, -7.037451843273515, 1.5044581482082398]
[-9.666573656122567, -6.788883711175873, 1.4026696919160322]
[-10.154197207967398, -6.403592845982975, 0.9779823642104999]
[-10.160107625856812, -3.491571027544765, 0.024265338537338223]
[-11.037331912635173, -1.3073542291365916, -0.3423358718202065]
[-10.46605723289305, 0.976857331163741, -0.6817901679840145]
[-10.344750802427033, 2.198661307307797, -1.1067225990237322]
[-10.180488630663039, 2.7288041797572884, -1.3345964973135647]
[-10.292555952946241, 2.7967262303260756, -1.3120202889452597]
[-10.087427346474326, 2.437641849198406, -1.1712975000044765]
[-10.086202587419466, 2.268440964469894, -1.034686222955443]
[-10.79455386800494, 1.9030912994893783, -1.0364815539246481]
[-11.333168509789122, 2.0761234652356717, -1.0622783775084024]
[-11.482092374524093, 1.8899353091519318, -1.169758299577747]
[-11.394829136886093, 2.1115526478922346, -1.3492652333174833]
[-11.178877108021524, 2.01081260559959, -1.37712336133811]
[-10.57666486239397, 1.6054599143534665, -1.3104126739970126]
[-10.814603075691954, 1.7024486452187326, -1.4650337209560786]
[-11.244088032943244, 1.7738760993384624, -1.3187011872261598]
[-10.935058795676728, 2.770738131524253, -1.001586635245257]
[-10.657425079070098, 2.9164596621534704, -0.993214627763957]
[-10.888268659614207, 3.1001422515182404, -1.0629342272975024]
[-10.522419023290471, 2.436861207311783, -1.443821228350805]
[-10.792887146906637, 2.5497891592462536, -1.6712106078337987]
[-10.966910352221856, 2.7793080741906695, -1.7481566891506308]
[-11.193165120255886, 3.028212759063957, -1.7364105090341486]
[-11.206644679198432, 3.070317055919111, -1.7513846963549793]
[-11.652259727883454, 3.3852072839814347, -1.9822942327625912]
[-11.736146667119732, 3.438908379960674, -2.0763553758967634]
[-11.582667828108587, 3.4697797959099077, -2.118170060500956]
[-11.165311178647832, 3.57026790246848, -2.27485845650948]
[-10.705779281344448, 3.543951249636418, -2.4034509397564823]
[-9.506361101658365, 4.1009746948471975, -2.599643180754727]
[-9.167749476093393, 4.259567820532266, -2.7100103371229785]
[-9.00300147569515, 4.342319747012803, -2.8361569115995198]
[-8.996958309143913, 4.251509256298048, -3.041197991759819]
[-9.477819207237431, 4.263113942116476, -3.0489340581676685]
[-9.165326852485443, 4.433580104335447, -3.0742395905588555]
[-9.473892591196856, 4.710932141834559, -2.9700791954567656]
[-9.66047256179072, 4.707064459421716, -2.9390284260786963]
[-9.601362488060165, 5.0008704894308345, -2.8874834168302175]
[-9.263212044674178, 4.979118894042097, -2.872469273408036]
[-8.468249745552114, 4.174192477672118, -3.0061251772312327]
[-7.905545072001746, 3.566174034593404, -2.8183027616022835]
[-7.14365151781026, 2.843855513626078, -2.656278690129539]
[-6.855974435389752, 2.477629524911335, -2.6038418149405063]
[-6.672271942700082, 2.130631852230004, -2.5210269909703733]
[-6.6128507128049065, 1.733643555180124, -2.37095689287998]
[-6.233860551160368, 1.3206891820847355, -2.071436104734609]
[-6.116680692030469, 0.8770770008149792, -2.1419417659707563]
[-6.070652219929358, 0.349547727632511, -1.997451719296051]
[-5.896982744408234, 1.050513542710234, -2.0070777414342356]
[-5.866646355950455, 0.9711064882622968, -2.031929132619403]
[-5.8911518928389075, 0.9375761719228296, -2.0683500694706116]
[-5.8552194343898245, 1.3715770012904558, -2.075662589270573]
[-5.989208459763799, 1.7219231222200257, -2.13313157999695]
[-5.917249107598783, 2.094633278306287, -2.1964699750484535]
[-5.662891646587231, 2.3968717513083146, -2.2710213977745424]
[-5.647053178425683, 2.4885919413445423, -2.268958570808084]
[-5.531493886183301, 2.4276963611529405, -2.112319659924152]
[-5.810161809340604, 2.4171952478311596, -2.0499364325032188]
[-5.8124571682083035, 2.3917939996584874, -2.041209974958907]
[-5.955943386870253, 2.2653262607800464, -1.9507922845956867]
[-5.968806745592093, 2.206078577053095, -1.962222092872893]
[-6.137647835264112, 2.3154566391948284, -1.9238595111636156]
[-6.165368169844054, 2.3078383713690394, -1.9197046964391071]
[-6.300930721230635, 2.2790076478561287, -1.9120424018934914]
[-5.4607228885321994, 2.4780691369900065, -1.994425020315252]
[-5.617345994588444, 2.8587994635236686, -2.0736414446863978]
[-6.369536387614808, 3.448570696357614, -2.2838563016176265]
[-5.589646031744961, 3.546877393114, -2.1865469218234193]
[-3.028462125074817, 3.2044472277598373, -1.9250332244353956]
[-1.6440242797915032, 3.3168588223386912, -1.357220572815754]
[0.5714042365272594, 3.4308428873100736, -0.7715378061758359]
[1.7498606786856647, 3.182281540353165, -0.4174233570959024]
[-0.052854408524740534, 3.8281749381063466, -0.9528157514410044]
[-2.061817769354678, 3.930985700400736, -1.2145335466996547]
[-2.9924929453887112, 4.049771479637582, -1.2105480661606753]
[-4.6404995722530895, 3.9510807829418395, -1.4273327694512437]
[-6.220875634711468, 3.7314771145506556, -1.4542090340408838]
[-7.070360424640222, 3.708563701678556, -1.2678607532986905]
[-8.481520473751946, 3.2867209833861826, -1.376011024060519]
[-9.409660841691112, 2.6857459528778516, -1.9554590710270618]
[-8.487285321408775, 2.547185138740882, -3.618585880326106]
[-8.708688072993981, 2.980011661618939, -4.275889873446145]
[-7.862269952874597, 4.024968231596546, -3.8094867754512025]
[-7.3449756947431695, 4.227099537583197, -3.5469631134821533]
[-7.100444448038682, 4.100213516178159, -3.2840734307091]
[-7.12694939521259, 3.918984862218488, -3.2931223765520152]
[-7.149880221633887, 3.978963581791347, -3.241709400857198]
[-7.237659670357853, 3.710111152230907, -3.449809114192196]
[-8.88622908081517, 2.203073547605643, -4.068124038419917]
[-9.629049874291086, 2.0955939174161036, -4.153261415953356]
[-9.891798991309106, 2.6983954518641964, -3.998650591280529]
[-10.016932823586446, 3.2279422576414203, -3.68740051152907]
[-10.860350074232183, 4.206332979006564, -3.3411896241615504]
[-11.335933746894208, 4.437283388839093, -3.2148039328910634]
[-12.109402451159564, 4.642846538052498, -3.3479138996197855]
[-12.875944844447956, 4.563026396802386, -3.5128476973033247]
[-10.165878832982871, 5.27998389625977, -4.449688726966839]
[-8.635475054974364, 6.175294740879486, -4.342645973314036]
[-6.823912520971577, 7.000162062224508, -4.022464012999628]
[-6.252750950381236, 7.065692804283889, -3.8446929012747333]
[-5.039919211497669, 6.660541484761228, -4.067337392819221]
[-4.600595217167796, 6.454240205077854, -4.239054085950966]
[-4.30888956299102, 6.477454599367763, -4.472184267394172]
[-4.359246682639625, 6.848276378521381, -4.140546045570251]
[-4.017657714761242, 6.47271832099416, -3.559602459374508]
[-3.964410058863031, 6.246120263640787, -3.7582631640180795]
[-3.9493928964318052, 6.175745450145884, -3.5498356511236295]
[-3.4551796734820397, 5.974338879221828, -3.302725421904741]
[-3.4248946870780173, 5.274527046594536, -3.1119964527598625]
[-3.4472664208636337, 4.846568428598404, -3.2341564115394354]
[-3.7939892260429655, 4.710737422936065, -3.2918305898983573]
[-3.7061701238158467, 4.536947862045243, -3.313503294965463]
[-3.715392722358217, 4.396222378166495, -3.248479917091588]
[-3.433964586116421, 4.441515874159562, -3.1348393992319235]
[-3.481891389393142, 4.806199878359264, -3.193715241090381]
[-3.506594243973401, 4.990788782447362, -3.189711642973586]
[-3.208076290363435, 5.332091421376541, -3.2784662823082917]
[-2.7138683700391923, 6.430647826241332, -3.4015329958531595]
[-2.539731980756774, 6.791518090392312, -3.4101217302785862]
[-2.26173430584252, 6.5689032712154924, -3.265331513074128]
[-1.6642438611412718, 5.390451552597111, -2.894074193612383]
[-0.8936921200482267, 5.510915056948517, -2.758205939591287]
[-0.6764221830636108, 5.659865891013586, -2.7638144544366696]
[-0.6562430440192696, 5.600691034144263, -2.8602037539713]
[0.18888019039336162, 5.612159221987166, -3.2623204466610867]
[0.5098505587231429, 5.681278430350124, -3.20946518201544]
[0.43293022097591594, 5.660897002893562, -3.134222915047833]
[0.5975655638148163, 5.53342462407439, -3.1284729150295827]
[0.6561157710533408, 5.5414581975654285, -3.158924239229727]
[0.8626811329569536, 5.3825878563529805, -2.972728565124743]
[1.0609448301866098, 5.0382453783407595, -2.9421526021981754]
[1.0803070738437324, 4.6894284553093195, -2.8010086315763743]
[0.9902997988851693, 4.694895564887303, -2.6844544055323456]
[1.0142292521724081, 4.945941437501309, -2.591177205690945]
[0.910381580814736, 4.856829547448541, -2.6310073172984394]
[0.9390238655589311, 4.788517872085665, -2.6848819076833834]
[0.7649260365321746, 4.673153848399625, -2.7341367266087335]
[0.9351616930056359, 4.829275153645814, -2.752892815770397]
[1.1009662230636772, 4.945834323033962, -2.6925423476981716]
[1.5980770399308046, 4.931746005132822, -2.68637833951646]
[1.6343916562490883, 4.735205882850531, -2.6284020659224194]
[1.7426404399118685, 5.004286571698263, -2.597237716928775]
[1.762376306693659, 5.119273007063299, -2.6001056714960225]
[1.5289244241269626, 5.266391236313537, -2.3417793660761292]
[1.3702778913375782, 5.485771020133246, -1.8636520686512248]
[1.4147479811660486, 5.383502124787269, -1.745164536902444]
[1.5061222378899761, 5.245582860472112, -1.741447283234597]
[1.68984179727973, 5.189930649100552, -1.6221058017054317]
[1.9071274284140396, 5.09555162176821, -1.633098619769409]
[1.8529450714473983, 5.048993470384977, -1.6080678399949302]
[1.912972034494962, 5.044494671731541, -1.529696346042189]
[1.9306709758831215, 4.96962608256093, -1.5605479657279262]
[1.8213494102864838, 4.729087778456068, -1.3947135892942268]
[1.776082135285271, 4.382790553862379, -1.2841037915000868]
[1.8629511561384742, 4.191663225210282, -1.1667501822524402]
[2.1265384109798533, 3.573964625686142, -0.8232978510344309]
[2.2808945033964925, 3.112326061287831, -0.4504334394028491]
[2.4976140114261303, 2.216716615429407, -0.4148172842375653]
[2.9300875920186695, 1.21936119798438, -0.38856644946812496]
[2.755794245523226, 0.8597626414360359, -0.44969192107566064]
[3.4455844892827496, 1.6941877267113905, 0.4128987170650009]
[3.89447906263544, 1.7233913372040321, 0.6761205600871102]
[3.707249837223428, 1.7550156064702156, 0.888475302069368]
[3.68757335998916, 1.950499391320274, 0.7562136524685372]
[3.4402761395404537, 2.143985051651355, 0.47290180964786815]
[3.4804818361232686, 2.3743767190196667, 0.16353420758087883]
[3.396534571144621, 2.5756602479435746, 0.09711673443428406]
[3.35897189090115, 2.864024820342699, 0.1189236304620567]
[3.5207417885819905, 3.0117133098406916, -0.6251642172613467]
[3.2732751726418003, 3.00147705645938, -0.6536513440695976]
[3.204247802458428, 2.910459365333163, -0.6115624894913152]
[3.03108974439853, 2.7006782516509227, -0.4834089598349324]
[3.4039140800141943, 2.7317307620527997, -0.4807941489798019]
[3.6418952114644427, 2.743752096685403, -0.4173781584224607]
[3.5369841286669073, 2.5318183369132763, -0.3260582999823882]
[3.561937237993163, 2.375554506187112, -0.23976200071375528]
[3.503356628779684, 2.2608288517568216, -0.3151110191258839]
[3.5416563812892776, 2.437587311861438, -0.4659082723692964]
[4.171672730911084, 2.6216195625652823, -0.631940009978847]
[3.9691453510630534, 2.669813162797395, -0.7206142553213662]
[3.9821413522307276, 2.9146577973349657, -1.1533301271821648]
[3.900594077734986, 2.85412697755201, -1.5646392266024256]
[3.7086945313187054, 2.8464971615529504, -1.6252208431249957]
[3.181004060685166, 2.8874816934453276, -1.7375511383821118]
[3.573513458836013, 3.297286554576313, -1.7906191738236248]
[3.489029726755229, 3.359597436791516, -1.7240576398013296]
[3.3826752352966687, 3.200831972958556, -1.7495220390602002]
[3.0919775906822617, 3.1224093228936405, -1.6756431747071698]
[2.9390057592651404, 3.1102081119100378, -1.6841188617925014]
[2.9519316059440435, 3.038908650042042, -1.807569882338654]
[2.823348509058506, 2.9309673387156665, -1.8176562519622976]
[2.7603818278905607, 2.891676535405353, -1.768197643882473]
[2.9822594723532307, 2.960217274231981, -1.949143823241815]
[3.188848962961654, 3.012674782209221, -1.906890452630404]
[3.0159507994834063, 2.5853077734853027, -1.8538517280912563]
[3.585254269845717, 2.6962296760538966, -1.8796666450245934]
[3.5854876124931128, 2.934263305524742, -1.9389563943842236]
[3.2021589537224555, 3.2346694215857945, -2.213654422930557]
[2.8556455301183656, 2.824783232264088, -2.876060867378046]
[2.61296722715204, 2.6056500792013453, -3.1555188868405883]
[2.91149273841623, 1.7860166295938091, -3.502740541583965]
[2.2226524896060744, 1.776511816335866, -3.3083163060455627]
[2.007305027150493, 1.80132119095514, -3.17128918702127]
[1.2788705557560567, 1.7107130697952813, -3.1386400426415446]
[1.229717598691907, 1.6074275928506145, -3.1402103937435606]
[1.4868191811007043, 1.6651562250675882, -3.177941104658873]
[1.3451574079035953, 2.0822806315644775, -3.1772731317909786]
