[-2.203620867220281, 0.7849984367778496, 1.9013774576059879]
[-2.4945793062366337, 0.4933045491282449, 1.543339901701547]
[-2.6915163782042675, 0.2904710667174048, 1.2325009675276943]
[-3.292795942488079, 0.5404348984261286, 0.7835423651566792]
[-3.340631647251212, 0.8215256865286094, 0.5401867436359101]
[-3.0677988423694265, 0.13132663411586906, 0.18825825140486432]
[-2.4570648136420488, -0.576681864957105, 0.6080445744141196]
[-2.716891332553409, -1.3451323248470737, 1.0224847212210175]
[-3.0108301542587808, -1.9895739823476206, 1.550146961934834]
[-3.4576715824879645, -2.235789370175508, 1.8563731275659436]
[-3.5975100145081664, -2.110900033220903, 2.0753852600522977]
[-3.788257794466123, -1.9408246318036972, 2.1275694119228885]
[-3.9109355588534895, -1.4914179797797849, 1.69091200540245]
[-3.7324923550085622, -0.6953789402704104, 1.567888910722601]
[-4.484253083958013, -0.6578328029984488, 2.1549652298210176]
[-4.053116433355523, -1.197260627724163, 2.4377544043137003]
[-4.096051507753789, -1.1645498029375376, 2.796613730089045]
[-3.3614941937112763, -0.4212471012043205, 2.66812032459457]
[-3.041668163574017, 0.17626634875340855, 2.8028808424138467]
[-2.9132499092982727, 0.9470417700278716, 2.924483967461158]
[-1.8573697814533379, 2.385437517086662, 2.8492043629076957]
[-1.694785564676907, 2.364217974408298, 2.841076147805291]
[-1.5648689392910053, 2.7181316111940825, 2.746997790963373]
[-1.7273611041577068, 2.872571572851606, 2.7763551028332056]
[-2.0632785382315557, 2.9861515865420825, 2.6088970189740364]
[-2.187066918270795, 3.2535199216810446, 2.3981834124457935]
[-2.7403210420966686, 3.2711968059999004, 2.2024122349932767]
[-3.423074546491821, 3.30458501704078, 2.2551357127215588]
[-3.143255753945504, 3.086111938900359, 2.3711214587500473]
[-2.72841092708746, 3.1045449567532177, 2.3550047710842636]
[-2.3256533399362334, 2.9522506358038756, 2.243807844536329]
[-1.9964414761617184, 2.9088346419918443, 2.3125946856236808]
[-1.8496341187499108, 2.826531912043456, 2.2487682079752975]
[-1.5043558512200055, 2.9453841560191165, 2.2834672141382515]
[-1.484840187728184, 2.956494917169579, 2.293892793124956]
[-1.4062315839312427, 2.9376230372854883, 2.4282425891324717]
[-0.9202104948637446, 2.774902640242039, 2.5062014168615465]
[-0.5159005260991042, 2.8720019589728643, 2.4269735643165617]
[0.026140593393794976, 3.2189396231002854, 2.143670747509226]
[0.15131070897778767, 3.3861216446403644, 2.1239377001832747]
[0.17443688945871658, 3.2901613563378347, 2.091839297793096]
[0.1737068723697734, 3.2917274845034643, 2.127930935450647]
[0.15876606939340257, 2.9289829359466033, 2.1227821928028017]
[0.09608938678709283, 2.761120304998019, 2.285496690078607]
[0.018711340101269774, 1.109339193432823, 3.0962479541246513]
[-0.40422973789150124, 0.8136935995350317, 3.275893458615391]
[-0.44387295915495134, 0.6060092613357351, 3.384764564575073]
[-0.6435051570301594, 0.5447282035482712, 3.332692361811397]
[-0.7118299238253056, 0.3265965091594841, 3.4168312287991474]
[-0.5694879261992911, 0.21285254932168982, 3.356685783194559]
[-0.5389222139519914, 0.1899474423326091, 3.3159252923452436]
[-0.7931776621675115, -0.09731489796405793, 3.2888023381082805]
[-0.679233911503563, -0.2467915937556547, 3.09809401227334]
[-1.292763944044742, -0.19570348811901322, 3.0798443932307027]
[-1.6600963211394506, -0.219158556340082, 2.990148126972194]
[-1.918425692855774, -0.2321101176338559, 2.9855544516583157]
[-2.4517368619813906, -0.3651143477796055, 2.5587678668855336]
[-3.417499776806553, -0.6433056489236602, 2.27636650399366]
[-3.9407475512070334, -0.7156778410415058, 2.3022866760081704]
[-3.6332005103466134, -1.008199275380114, 2.2717211463199387]
[-4.0024578837787, -2.2279435240399166, 2.8528379664637904]
[-3.5071470408514154, -2.8879156055398534, 3.1700904205805784]
[-4.662548681863854, -3.33610427742713, 3.3189494417856213]
[-5.02576722876164, -3.54034663222726, 3.3726322337372574]
[-6.326622446296059, -3.2924368635651238, 3.48460186370228]
[-6.395617532191002, -3.338595362246546, 3.6593558833218203]
[-7.113944260663486, -3.4119290743820034, 3.7508993843726177]
[-7.961019947384133, -3.583364929931224, 3.882281317356395]
[-10.177866623919833, -3.99159107176758, 3.727432823211729]
[-11.109002542638734, -4.158324205082527, 3.5592628619094513]
[-13.01837556177156, -4.557317980031551, 3.314242796895802]
[-14.189763827395398, -4.570354561687775, 3.3278090675741563]
[-15.007984254588363, -4.77204675987901, 3.409873719802121]
[-16.08305277898936, -4.9198243902142655, 3.342121957397589]
[-16.639341447701014, -5.15431469932254, 3.386731595805614]
[-17.30923416603444, -5.209544777600692, 3.5115665400500866]
[-15.327786246195926, -6.2131977029250365, 3.46589160277267]
[-14.603874231873926, -6.216936457963532, 3.4009547119022088]
[-13.914082070099356, -5.252770341538106, 3.562742522924774]
[-14.054588185849623, -4.877690994266187, 3.5909175888155738]
[-15.78974666107777, -3.7531267775776005, 3.8347739342085605]
[-18.02706528984334, -3.020153650189114, 4.101732979682343]
[-19.47568523194891, -2.057183404220799, 4.4457410158554005]
[-20.470414158290506, -1.7651536109516934, 4.639832017754302]
[-20.94034237306868, -1.1226356319771316, 4.284561738096292]
[-20.82499132400706, -1.3037149810894777, 3.9656645057711657]
[-19.859306361854923, -0.7226360061560155, 3.869176488679658]
[-19.478276856868767, -1.299550567156966, 3.7521251082672995]
[-19.200023420276672, -1.6319918871867247, 3.315804246317312]
[-18.51702473481167, -1.200533879497587, 3.311827581128638]
[-17.374207708439023, -2.4449700916404358, 3.0490268448102773]
[-16.621474374350207, -3.313072005336681, 2.707732025891887]
[-12.587454116923698, -2.2897215890663856, 2.4978383553902113]
[-11.573688524671217, -1.7375167992209215, 2.308288458599041]
[-11.057364237939566, -1.5269366264562538, 2.1622205876861518]
[-10.073706473508933, -0.9943577859834416, 1.4504459422884417]
[-8.985557738780534, -0.30586633694060333, 1.0617295911488438]
[-7.376941658324581, -0.5574055437955333, 0.6319991138992375]
[-5.686476791676754, -1.0415194635278464, 0.3614827846950494]
[-4.514138384745293, -1.1551294908668364, 0.3488876489638753]
[-1.8040194233534588, -0.062229473859758876, -0.5544326175756007]
[-1.1564049544207493, 0.36219874346113246, -0.9314767669808712]
[-0.9447444780765216, 0.9526283737941227, -0.9800860089287132]
[-0.8266734612443737, 1.1559830608818698, -1.55908070749851]
[-1.4607893390356883, 1.4661104638110882, -2.088885812100211]
[-0.3842351986771435, 1.9237690049572542, -2.272052533768838]
[1.4006930068552643, 2.0672535304057984, -2.50144101996765]
[3.6550260446620073, 2.3875162741561224, -2.326066944433025]
[3.618984783312021, 1.988675628474112, -2.807123526835749]
[4.24610651878913, 2.3732507700268437, -3.614388168351146]
[4.369044055791481, 2.33463974550066, -4.033074856741167]
[3.7221427372725886, 2.045392364719439, -4.575383512759938]
[8.250589412506606, 2.2064301459424565, -5.616304481998108]
[9.668200778246634, 2.579844973455967, -5.903857030335726]
[9.945817960052974, 2.627979850231165, -6.438917673904854]
[10.650907785419731, 2.6163919662864346, -7.199847853775513]
[8.363303268097193, 2.058274651471741, -9.795315719404318]
[9.211909315295552, 1.963696514019839, -10.636860181393363]
[9.127330774350296, 1.5900383890704899, -11.515551771089351]
[9.83530057393535, 1.9096447880140381, -11.896020793389654]
[11.199819640046018, 1.9593577071312591, -12.01186699933121]
[11.643277633998778, 2.393508569148035, -12.053028971340693]
[12.396747860128892, 3.8960721232698807, -12.536534817415335]
[12.5334265643941, 4.851457460599995, -13.088947978358231]
[12.331548821426825, 5.86853030610736, -14.277939776157346]
[12.652435265653155, 6.394003404139237, -14.563724530878599]
[12.408942722264076, 6.883066741410447, -14.983292234034288]
[11.886477155678165, 7.288707811332714, -14.977373476423077]
[11.319617067637385, 7.687803803272005, -14.950759657872418]
[11.107933501506588, 8.121664106748316, -15.105904256457206]
[12.080683048439735, 8.55358384227651, -15.527888611256389]
[13.030463546622256, 8.482198860748024, -15.607661344007902]
[14.454287477792242, 6.556533082215348, -14.275104886394866]
[14.164065045380628, 5.955602991997442, -13.718098483374536]
[14.310818761357886, 5.2934916555558065, -13.50257314718994]
[14.183098664776, 4.777557528478344, -13.33759614716499]
[13.73299041959294, 4.514611143207198, -13.114945472287959]
[13.128015910143766, 4.03740684192689, -13.131015793111315]
[13.249327517213999, 3.8918953318429614, -13.514476694244404]
[13.07847013497962, 4.014011515728123, -13.564860201703617]
[12.16153881842502, 4.142353790734772, -13.438963624787316]
[11.441916787353518, 4.286382050835424, -13.086263225738138]
[11.577125474940754, 4.373822302968667, -12.844908193731891]
[11.27391538132682, 4.578990280295938, -12.252191092139709]
[11.63162691130746, 4.6649693563439145, -11.854002884936786]
[11.699995122839951, 5.032166912789067, -11.699164163831997]
[10.960199998444628, 5.413506356192006, -11.480929877733265]
[11.046866514427569, 4.695384480432157, -10.474426467355483]
[10.218687532812927, 2.5387401535026894, -7.2575158677019775]
[9.390199259051304, 3.028636904309675, -6.030037495774462]
[9.33107443391473, 3.023383966837167, -5.642513158154387]
[8.821634690908947, 3.1209109646683166, -5.126909058207546]
[8.875447761617288, 3.3209420727578562, -4.8439776316071805]
[8.67618601676097, 3.2817166328904683, -4.767112816291081]
[8.833114957256369, 3.310180848539035, -4.497246793601166]
[6.763268322130252, 4.001115440534083, -4.279361768149839]
[4.370166785107197, 4.571672814310109, -4.063691614370493]
[4.422600446804453, 4.704636095031046, -3.849082796885495]
[4.102564476212438, 4.686350083227265, -3.554026990011743]
[4.506781741679781, 4.6692646277454495, -3.1763980157053124]
[4.273659292488999, 4.768490182090376, -3.103360229099997]
[4.590151402497491, 4.861764320549818, -2.8371543445284026]
[4.6463427055596505, 5.100681800125154, -2.465075540468068]
[4.934859434255738, 4.794778284958142, -2.0052443601534193]
[4.420366129474626, 4.740673273752201, -2.4156805261476557]
[4.851718020614964, 4.725885417978534, -2.754819063564408]
[4.27932675646051, 4.579059148897438, -2.9829553165445053]
[4.178210962057364, 4.662567296561919, -3.2609031456454964]
[4.050900789655586, 4.568337963810649, -3.349300210504129]
[4.27647423736643, 4.821167792235555, -3.2224475908914356]
[4.525806077752719, 4.78095692546642, -3.1221396549601095]
[4.244950059465942, 4.475036556559487, -2.816807477140554]
[4.896660445650087, 3.429721727710843, -2.7049181531139808]
[4.164871727089757, 3.310629444054226, -2.7375196088804556]
[4.1004400367619365, 3.135302116345033, -2.804062406115276]
[4.268988452871347, 3.2388855177800107, -2.9343047352952762]
[4.27690516666511, 3.3681458041923333, -2.9842136512370416]
[4.34748332591703, 3.553223695349493, -3.1825825303179998]
[4.4079806541565905, 3.719278651924157, -3.160424702612242]
[5.104032253909075, 4.170761388308913, -3.2801517289033653]
[4.928993988210597, 4.060995629525394, -3.4685314194658603]
[4.683193180622716, 4.147863269984938, -3.6639355977354677]
[4.504120455531488, 4.070514923090336, -3.6640163496182345]
[4.227132668953378, 3.8144144488386957, -3.6312304561182946]
[3.9350519130016797, 3.6924211988122204, -3.463930278278742]
[3.6370945609448304, 3.3461903930090706, -3.3606257220988724]
[3.6794680745837143, 3.1609231427628894, -3.2925395016552153]
[3.7323877397319882, 3.129387716475025, -3.3156250708212602]
[-0.35759507205649443, 3.3477122206365744, -3.766604141375654]
[-1.8303000807441778, 3.569175998868709, -3.951071556860669]
[-1.5597796924142577, 3.6337129944819986, -4.051190140943136]
[-2.239769252808589, 3.775089053537638, -4.023856658217429]
[-2.393682050265508, 3.6054529933754216, -4.227248284641299]
[-2.758457525267354, 3.8971434744817164, -4.347525686305975]
[-2.752002061981799, 4.047248201124638, -4.512320403755081]
[-2.6563111950576266, 4.216759242111075, -4.499343283306697]
[-3.0096806822949596, 4.480825924711532, -4.31116545062848]
[-3.1581081093485444, 4.295813682857695, -4.262332047988362]
[-3.1244721608756616, 3.9946509578976794, -4.19750525594759]
[-3.2088337652508274, 4.309258798741351, -4.114351962280965]
[-3.3284963122231184, 4.37940865230873, -4.017615739428487]
[-3.2652044364796753, 4.330711561786723, -3.8930102922294294]
[-4.036734757499473, 4.447848724743744, -3.7349045611594778]
[-4.719216831155525, 4.345291640300335, -3.387415259913315]
[-3.8183429027682774, 4.319063725834132, -2.357716866485437]
[-3.3721938832722738, 4.081124846358947, -1.9255389817192095]
[-3.867131648783031, 4.606047683915817, -1.5066113697130572]
[-3.901422148754248, 4.289687653453246, -1.0538452424393714]
[-3.508049961634711, 4.284691461388437, -0.6554827382811542]
[-3.4210890825261027, 4.175537904707319, -0.3975535903854931]
[-3.3573453407449696, 4.366777787916684, 0.1303501022913555]
[-3.2344782319880396, 4.117737716239222, 0.5252164728669473]
[-1.8244196106838726, 3.892899545877868, 0.9618244644304917]
[-1.571003424911645, 3.5938483420254457, 1.0691335933622244]
[-1.1913057793831852, 3.0764679725293735, 1.1170599566765098]
[-0.9788088028376425, 2.8296106631456865, 1.3267438912392562]
[-0.825493975592394, 2.8584225057597257, 1.5815872140958602]
[-0.5401664411912195, 2.729026413453974, 1.629079601009966]
[-0.5849634429502948, 2.7708145698590365, 1.657817430273595]
[-0.34820579927295425, 2.6745241637340715, 1.6786801115389307]
[-0.5567762248299826, 2.041776234204898, 1.4021965762172715]
[-1.1886797723374383, 1.8451672839052247, 1.4575248846014095]
[-1.2513102888148941, 1.7256351600900843, 1.3272334108604587]
[-1.8804357305246473, 1.6297091444307499, 1.036778789452294]
[-2.6020322892988874, 1.700291518900289, 0.655310161285252]
[-3.4708705333457734, 1.8100951691583502, 0.3698729215572841]
[-3.637128881883567, 1.8046332158223486, 0.003807529234747144]
[-4.604678120899248, 1.6483699490043986, -0.13909737971700425]
[-6.030465657536328, 1.388317354290371, -0.41749278067081885]
[-6.713018962343166, 1.25138492072723, -0.6286938321859988]
[-7.134083907295767, 1.4133220760737422, -0.6832518859214708]
[-7.0820249452807795, 1.623769663495397, -0.7466458783801359]
[-7.240051929202935, 1.3453745676783262, -0.576324754639717]
[-7.006619331277692, 1.2743155978581393, -0.44232237856678386]
[-6.910578234521629, 1.0697645318201312, -0.2630881139147287]
[-7.479238159904226, -0.17297645644373275, 0.3155174042986892]
[-7.620867085747457, 0.20311859511261365, 1.9419230044799751]
[-7.485939629891638, -0.47937487789147104, 2.4886434131882096]
[-8.047243990155698, -0.7384236029838038, 2.812305021816668]
[-8.448070633131112, -0.6784628501714899, 3.121922899473243]
[-8.408678391313321, -0.8919497712805368, 3.352980315297221]
[-8.679021448532518, -1.4169062568894055, 3.500074906290653]
[-8.398991034001419, -1.2445711682943126, 3.5383878090258967]
[-8.179897598055566, -1.5404466694826464, 3.7920810698108114]
[-6.356020388294463, -1.8964956761252514, 3.9427990314573678]
[-6.332037565366072, -1.8205005736992979, 3.9916532629847343]
[-6.101884221875025, -2.3467778734332287, 4.530254040990832]
[-5.709690222145918, -2.481161359771673, 4.579204452131906]
[-5.780878397912919, -2.9448071275064565, 4.714917688225941]
[-5.104511906582674, -3.2152955516406636, 5.03439563157747]
[-4.028470939996817, -3.4508575178938976, 5.222392487107848]
[-3.3228075047262884, -3.672824867123399, 5.4909455198951465]
[-3.0034523223977105, -2.4408102028059337, 5.790639768557653]
[-3.1411942511456643, -1.743632435528973, 5.853352335631606]
[-3.315101441485068, -0.7288693567987056, 6.199616897461551]
[-2.935164162928685, -0.23088457652656608, 6.120006990090513]
[-2.703722640585012, 0.761096855645291, 6.0582359452757455]
[-1.999534219393809, 1.0217705524141203, 6.3023814698826275]
[-1.6453290278293955, 0.42452864045044164, 6.586610769461272]
[-1.9040493614322116, 0.7574911667593011, 7.116188466111785]
[-2.7392892647934914, 0.3259701027420771, 7.676010349925358]
[-3.2228815330981133, 0.12321156348483348, 7.881623774737315]
[-3.245201494826659, 0.23245920305810275, 7.981815300023606]
[-3.1904491109638764, 0.20650946281774726, 8.096309915810243]
[-3.0482905723166835, -0.029331188485443617, 8.179768295129604]
[-2.770690698045473, -0.10196140778177698, 8.448610947534624]
[-2.73242896073654, -0.7380056182768385, 8.449500795786545]
[-3.1717340720733698, -0.41174722018303356, 8.546117547350478]
[-2.7439226490914224, -1.4287254961640612, 9.072077973848106]
[-2.8964772779096366, -1.6799053345284587, 9.442742458808528]
[-3.4513621163718113, -1.7269815601059249, 9.730567350594344]
[-4.046910712695935, -3.8150142704355092, 9.752099542351598]
[-4.2390488061875065, -4.487936841961652, 9.938187178779613]
[-4.123657287903342, -5.260632525043603, 10.022321129374877]
[-3.250777082142301, -5.713570498712814, 9.974527566275135]
[-2.8677745496818976, -5.407600191848867, 10.068940835273478]
[-3.023808059809628, -6.873328393820397, 9.75229274390994]
[-2.338158166193262, -7.075921954020695, 9.274542694641912]
[-2.261705735908693, -6.6686347016681395, 9.015737968718692]
[-2.2981852674996293, -6.457991788531146, 8.837862544979842]
[-2.1430880837669664, -6.024301371170314, 8.71334009896407]
[-2.6512862455610438, -5.41011439255961, 8.889039506083288]
[-2.671081709878667, -5.529903291799459, 8.870981431983424]
[-2.6822819371508997, -5.641777768932793, 8.819942423235025]
[-3.046931920105563, -4.982995907197169, 7.366627615127306]
[-2.7132727388512055, -4.616215780550709, 6.683472721263077]
[-2.5954502878550216, -4.22338066330209, 6.458849032422246]
[-3.1028396640198577, -4.126886028126171, 6.489339770135728]
[-3.25156150798874, -3.7151505194535557, 6.5538152143834285]
[-3.163989231583754, -3.495918644591534, 6.780407877996585]
[-3.2851215731019368, -3.44961593675452, 6.494220641002008]
[-3.2580198654579364, -3.244734175274265, 6.392951751348223]
[-2.1962589873463307, -1.3136937065566945, 5.59263399764575]
[-1.846198204672906, -0.6331570139422233, 5.272882940729382]
[-1.7855989744709506, -0.16118011175999447, 4.8878265363839]
[-1.8708294388467515, 0.6146006772637799, 4.452851714677025]
[-2.019358576037202, 0.9569741031827438, 4.169617493489826]
[-1.7174970389904984, 1.20073889214184, 3.9931060744637605]
[-2.5839622398290962, 1.5181525733814605, 3.8185712417281668]
[-2.3382455806562286, 1.861675646031931, 3.7988959591160008]
[-2.692740681324496, 0.8960383596702657, 3.7308333510131804]
[-2.2585745569869946, 0.4974597049817971, 3.6584454052553927]
[-2.486661368869188, -0.14478361084122193, 3.832419403443526]
[-2.710522238181179, -0.7409462575598023, 3.9666915692175766]
[-2.905445104640068, -1.320912784204709, 4.181896965700338]
[-2.5529197448700685, -1.776164726109041, 4.24111959188462]
[-2.782342744357482, -2.1431135950158677, 4.275754991225044]
[-2.6157804497317514, -2.356231993525325, 4.192076157987734]
[-1.2449688320535242, -1.3855713412942294, 3.1292942054252415]
[-1.4453828122719508, -0.6641237239553248, 2.593503667534063]
[-1.284124630784166, -0.1350234501768515, 2.3502213059121284]
[-1.4207016972995714, -0.3788218024603083, 2.0972749934893335]
[-1.6484386248158103, -0.24117336109754886, 1.8342198065196986]
[-1.5596773216889157, -0.5970136453312868, 1.7603496413177728]
[-1.9969955979732414, -1.215734049653885, 1.4332751888784767]
[-2.3301323025290426, -1.2639799137100878, 1.1059824474209428]
[-2.5363277094816614, -2.1817379688417726, 0.062088403555614034]
[-2.9710533895330427, -2.5492453257025374, -0.3233789335719983]
[-2.802234302038863, -2.770400656074471, -0.6353752850780197]
[-2.9700276727276442, -2.9816922898121585, -0.7547891245398327]
[-3.182354309151128, -2.8350132988611207, -1.0894412510291531]
[-3.3858104630735726, -2.7400398120975296, -1.3614804637476885]
[-3.2173389263452377, -2.4252949858803765, -1.5954140209169971]
[-3.4632628699962287, -2.544391413424402, -1.8791129879427606]
[-3.4177984218383504, -2.2926177611998284, -1.1579571164158318]
[-3.9466707955452276, -2.776765950104857, -0.6726270767519865]
[-3.9263879159807153, -3.0835699313552443, -0.5951641943143369]
[-4.1771556574313236, -3.401178917000216, -0.44911021488716407]
[-3.6614175893558842, -3.2941646698786555, -0.255675218926155]
[-3.208357732225896, -3.2635338942606853, -0.1136953825693611]
[-2.759690693206272, -3.457081424151877, -0.06553191830760999]
[-2.1846947875435556, -3.3821652305826015, 0.0767517996596618]
[-0.1941661614008505, -3.2509412499628176, 0.5279245085881662]
[0.38010415341634224, -3.064577828311273, 0.8035442058778307]
[0.5526160492552212, -3.1259028878000135, 0.8584462454842815]
[0.5908262201955251, -2.7967768896465746, 0.9600156562967351]
[0.39931425365828815, -2.6971163147778507, 1.1668334458489467]
[-0.013300444449471127, -2.8663310776823825, 1.1965412784982918]
[0.22077424797609183, -2.708645212321894, 1.320339016619086]
[0.35296918692812485, -2.428526122737941, 1.2718143566020186]
[-0.9123740588645016, -1.9883110883503632, 1.4790993462510789]
[-1.5360720122866005, -1.9885222146395707, 1.6875845721377996]
[-1.8396922737108448, -2.140424774471647, 1.92858300779004]
[-2.301371336313605, -2.387012306446404, 2.0528512944944115]
[-2.782943376931697, -2.552810598623238, 2.187539074420615]
[-2.7095665384390726, -2.2903881861687503, 2.341346049535394]
[-3.1109080708441694, -2.501746163491065, 2.3651828205747245]
[-3.525014115946059, -2.4742691747469987, 2.431505215501142]
[-3.9274116770685477, -2.5199641428273774, 2.2531112770814774]
[-4.024889569517667, -2.3765781045612333, 2.2448373618973028]
[-4.428765324043961, -2.8733907645452326, 2.4512408032247777]
[-4.253363747394519, -2.971367111782178, 2.35583844803544]
[-3.6677342076367796, -2.9437818368705964, 2.203871282850292]
[-3.455762823686235, -3.1626358718983405, 2.006691805223201]
[-3.6443128922375987, -2.9573087866040892, 1.8698348069406217]
[-3.2354077180135667, -2.888573919286111, 1.555171535020411]
[-2.311020303617718, -4.06784617957352, 0.8629759794842105]
[-0.808716366212504, -4.720000095097693, 0.17272109443935427]
[0.27666247874102723, -4.892810066336764, -0.45146109999033013]
[0.805027186686866, -4.9077530975683725, -1.1199978716127594]
[1.0855449702290292, -4.747161674722191, -1.675007498221961]
[1.7727928559472428, -4.403400432377393, -2.2467621077193884]
[2.4404697817088166, -4.241470499043345, -2.8733009842878534]
[2.135050469094289, -4.12119835483489, -3.313603346269567]
[3.2412264963119433, -4.020715302271177, -4.436431226322783]
[3.458009404515884, -3.8729501549511496, -4.814377437438505]
[3.735722364364116, -3.581624357597496, -5.119850680308812]
[3.75288441797704, -3.240354727013811, -5.172013928651259]
[4.302548136351308, -3.183327560223669, -5.51835866195135]
[5.2840446111388975, -2.709962867702939, -5.781889221973039]
[6.055126070628075, -2.642390670674947, -5.9734063180989665]
[6.293719228579317, -2.379096678394221, -5.862045353778169]
[5.990056220639367, -0.945935776246443, -5.524390965625268]
[5.591667413641798, -0.2265794622766773, -5.148942426375307]
[5.296364564210984, 0.16072105446464624, -4.8351162355229755]
[5.085339803312236, 0.24745460140638723, -4.732183065261776]
[4.905005643904074, 0.4071914418668597, -4.731023557883841]
[5.5932614136299765, 0.2520536328122297, -4.880824290409021]
[5.630558562815326, 0.13317177235837732, -5.039320698924922]
[5.332434225248563, 0.13889534145911994, -5.127361232667358]
[2.5565704684360924, 0.136588621048052, -4.969943597673842]
[1.1798142898456343, 0.10252576230644408, -4.776720135510745]
[0.2801558072884691, 0.06776261542168792, -4.553244796035122]
[-0.7017981343425717, -0.04296669190436516, -4.439454187873053]
[-1.1099251165428246, -0.1349288112828487, -4.4368338466873105]
[-1.3200213967339771, -0.08247948719787551, -4.67665345990149]
[-1.029475598764113, -0.14542776074977598, -4.850327497491913]
[-0.756317842251557, -0.3661252633385956, -5.05412355764579]
[-2.6297288908545253, -1.1780545279863406, -6.875250331022251]
[-2.9187945435425178, -0.5894663998433105, -7.449069339847231]
[-3.4699849717607716, 0.6319399347165973, -7.710993875406902]
[-3.5259168827016234, 1.975711581008645, -7.71537893721686]
[-3.7237980613736186, 2.75344243734196, -7.568552338770609]
[-4.250689712194682, 3.114534048292734, -7.63083820465866]
[-4.654650490566637, 2.6456239665486283, -7.804022545605196]
[-4.856792852454755, 2.310053168286805, -7.9802497814816835]
[-3.001821102521258, 0.9114628776153231, -9.227990680524774]
[-1.8179603483927627, 0.922310987948664, -9.768876704928203]
[-2.0737664881381748, 1.5980580905657615, -10.118631352648338]
[-1.3201703251972012, 1.3698466764433408, -10.34763930133567]
[-0.28052396394516443, 1.3425697773031733, -10.4961409179521]
[1.3932366103473126, 1.516622065738297, -10.903371769233903]
[1.856963456721114, 1.747539523845207, -11.123321141407441]
[2.1537317842867982, 1.4046509979775565, -11.33654284695776]
[2.013540084955035, 1.033592002770408, -11.699618871911554]
[1.7523267279514803, 1.0219658323064638, -11.694040470839973]
[1.459134898494711, 1.4197613678476604, -11.447122857158353]
[0.6195954829245762, 1.5358620320997345, -11.209794090918987]
[1.154387645735416, 0.999992158210353, -10.980291866989282]
[1.3859636785596028, 1.1906932701252824, -10.972425644080301]
[1.3849126024317189, 1.2345351500171413, -10.95587421305919]
[0.916536249501179, 1.1757760827614527, -10.623824956846182]
[2.3541769804433805, 0.6213492788351542, -9.978671475547264]
[2.7740417704279334, 0.2848037686542115, -9.869190490715459]
[3.188482992146679, 0.32737633868522215, -9.74774145430275]
[4.120030052415557, -0.24752765834893503, -9.785856465286685]
[4.81095446884206, -0.3957635951252204, -9.790871867949381]
[5.586406388080144, -0.9953838248737827, -9.8801870740722]
[5.86723465515906, -1.1463283265665734, -9.8492645949525]
[5.501819291183155, -1.3593933530870015, -9.863719018154104]
[4.965178588239227, -0.9963725546301737, -10.005922524573178]
[4.903112902317211, -0.9249258017381606, -10.264334802698995]
[4.780046053448993, -0.8222838786291825, -10.388771946667141]
[4.178624767555169, -0.6771163837239612, -10.4525509616608]
[3.9743497725905175, -0.6589886561885284, -10.551531507442313]
[3.918636834350995, -0.5538810662258054, -10.530477081353487]
[3.5235818630264157, -0.4674600237104692, -10.4830481768845]
[3.043254836164461, -0.3723721179157184, -10.634419005926599]
[3.019415568687582, -0.5159733413687517, -10.579503768865168]
[3.275301950317897, -0.7851596537858492, -10.508321847418074]
[2.8827937327092514, -0.8473892321551602, -10.154202701097454]
[2.809057612540308, -1.0416458974137353, -10.049405975229863]
[3.6397428428036442, -1.4489585136007062, -10.04640763607749]
[3.984030095279711, -1.4078954926441114, -10.051283401980356]
[3.9396338273922624, -1.628212426229929, -10.02212735412628]
[3.769685105471191, -1.5148430440528073, -10.000507721388022]
[4.054441809500849, -1.561321787889903, -10.030121487150614]
[4.021335799101866, -1.5794271103857715, -10.024901483493998]
[4.171865923704305, -1.4667662002015844, -10.023305419716662]
[4.0023870113174045, -1.5736089652129528, -9.907525944201016]
[3.891166077108612, -1.685520617664381, -9.898002765920427]
[3.60270905315, -1.7791830270472997, -9.921667527257796]
[2.376645127083655, -1.2807421207453211, -10.036958925377084]
[1.9741925391487907, -1.2930847636991407, -10.052723382778249]
[1.7036857695214584, -1.2433061918485486, -10.161570665728819]
[1.2548162647108632, -1.5523703933718753, -10.186542043364565]
[0.8369600558796001, -1.5979458947279532, -9.953398085937465]
[1.0664600565335036, -1.658871569092581, -9.773853202712079]
[1.0418341153136326, -1.8939781244671343, -9.45645665173928]
[0.9879707599378801, -1.7313542457133182, -9.305886566862215]
[0.628149296199016, -1.8688728422134933, -9.292966396066735]
[0.09111843664624988, -1.4883347449770128, -9.410133816523846]
[-0.7369055585555171, -1.2450595550886963, -8.12134067926109]
[0.07837304474977504, -1.3635501991018997, -7.353652879846561]
[0.362139437005411, -1.5515239977781061, -6.880738219680207]
[1.282941867223002, -1.7188464206607525, -6.089386001197196]
[2.0088935656147866, -1.6116886690522223, -5.638557713128299]
[2.999028804996268, -1.6813730235582955, -5.49004061325729]
[3.0210044914885463, -1.4689576348211737, -5.009948353973271]
[3.2412468835092536, -1.717552051430226, -4.885620227167413]
[4.444957053620866, -2.740283609613752, -4.135594278171831]
[4.429101355996556, -3.0157940812649504, -4.024277807538519]
[4.29149000986952, -3.1870485089736653, -4.236389514744543]
[3.8122008337394453, -3.1537231700791195, -4.522644324637488]
[3.375065430490328, -3.2421509131884267, -4.532695267051163]
[2.458618686034398, -3.172644838137307, -4.677440813106845]
[-0.3244764770632348, -2.800535802043417, -4.533176001830397]
[-3.506659299315894, -3.3121670336506033, -4.741895712203568]
[13.14338326554982, 1.9144027764963845, -11.955702499755418]
[6.262591926085554, -6.779739374566109, -14.139336971832757]
[-0.11500259687224088, 1.3580008815298807, 2.9599451029676684]
[0.37497629494361057, 1.0815518905006296, 4.0085703493888545]
[0.3977333404218669, 0.09438281523448482, 4.124803136672049]
[0.5960284309887861, -0.5363527258228818, 4.070570942297918]
[0.7137296872961026, -0.8934019951682814, 4.225745476100568]
[0.7964271737102064, -0.7299790737096068, 4.297501107011639]
[0.8719419390747085, -0.17439644054853531, 4.437354390649535]
[1.296494047930586, -0.42382681020495083, 4.283108981453397]
[1.09977770503148, -0.807547619769828, 4.308504671541215]
[0.7278492339457509, -1.4811529069748617, 3.2029564070691636]
[1.3605692170053991, -1.2694579196365883, 2.8558098301071078]
[0.8817335056012396, -1.037956662806017, 2.560862660743195]
[0.18830333065801214, -0.41310672583277425, 1.9430526839555669]
[-0.7360314068845122, 0.06762297669891958, 1.8572375150502056]
[-1.8482387947417689, 0.4767260825418613, 1.750308098877219]
[-1.8814742161491689, 0.3597152489445511, 1.8168388033727298]
[-2.2220374173212902, 0.28000945475043976, 1.758045369174602]
[-0.6374126633172882, 1.240851301306254, 0.9755375616284501]
[-0.20907918800856956, 1.7874932866237512, 0.9140097084813261]
[0.166112813123816, 1.7679191492190884, 1.0629709320299208]
[0.8887393312822489, 2.0947536757427816, 1.0802353930511193]
[1.8818966309606642, 2.2697126780427257, 1.2022785301602639]
[1.501695223990579, 2.4271462246239452, 1.18660829856839]
[0.6984834074466147, 2.594214015640239, 0.9691700937963844]
[0.5339104580769161, 2.685363856252646, 0.8595418174898393]
[0.14216312052556418, 2.7213846759906777, 1.03685213925407]
[0.20573231507477993, 2.753573496665396, 0.9996276991744707]
[-0.93626950342069, 2.884623469797366, 0.974217351762777]
[-1.2159699789207195, 2.9678564220307564, 0.812192715471189]
[-1.597081288818713, 2.9571280109122946, 0.8113519588123899]
[-2.490687956279791, 2.7835126719461787, 0.704283225626851]
[-3.2815558019676088, 2.7091968283574372, 0.6492555988320766]
[-3.9021151734950204, 2.734452142626656, 0.4219176361794642]
[-6.798079102779459, 3.705044238120806, -1.1512371027164332]
[-7.382109119105509, 4.327112369227448, -1.8022236865042736]
[-7.173804560017048, 4.338271727937529, -1.8239296204868867]
[-7.439956226339658, 4.440921205072527, -2.1236953105860934]
[-8.815993795837567, 4.867441033013326, -2.4917339366742675]
[-8.29152940579441, 5.076550182708842, -2.713039189673067]
[-8.34933136592164, 5.16003576148268, -2.8848359177843625]
[-8.297544757015794, 5.613341325936749, -3.24948055724435]
[-7.1283726543867365, 4.973843625713422, -3.1873024837472883]
[-6.543012461318172, 4.4924087247688425, -3.3996791339550523]
[-6.485068937343873, 3.940610028650956, -3.3191508044013847]
[-6.3155666808060245, 3.6198199353109324, -3.4132481726771453]
[-5.108131207502353, 2.8041848336176836, -3.618236994725748]
[-3.6357087141430857, 1.8933523917195167, -3.5491985911299944]
[-2.619900143052803, 0.900217335007596, -3.6950552490547652]
[-2.5429890398867148, 0.6476980474362984, -3.7762250890951155]
[-2.188929332280187, -2.232540026072188, -3.591313442828786]
[-2.2675252831036823, -3.0425803900176307, -3.440347242523322]
[-1.8342797293017332, -3.3358181158855227, -3.3343108091348026]
[-1.4867868234681247, -3.6815672179653363, -3.3053619105494048]
[-1.0054663394552295, -3.543890014304314, -3.394016478556587]
[-1.0956677452331547, -3.3235944232123185, -3.461424410451361]
[-1.131640340415814, -3.1235970621531055, -3.4090792012790914]
[-1.0659845779052752, -2.856893695626363, -3.319872598580275]
[-0.5864146871259837, -2.78465219970598, -3.9486841642154045]
[-1.9085787051892138, -2.6998155432859496, -3.9040661061988122]
[-1.5479513818583681, -2.8773999332099165, -3.620494796817381]
[-1.0392894790686926, -3.0560127742581704, -3.5227893321706]
[-0.3395974445293527, -3.1329854252232643, -3.5299875657970627]
[-0.6026246073204876, -3.0232511698942903, -3.5515874666082943]
[-0.7582232419835291, -2.9701693946822583, -3.5766153970622887]
[-0.5709521862950433, -2.944197022578478, -3.624809281695432]
[-0.4971030314052839, -3.437079028077605, -3.3906621547614755]
[-0.08839732819563086, -3.490273283137431, -3.409187386685207]
[-0.07012462351492896, -3.2087533843651794, -3.2130838291279873]
[0.9023706837307773, -2.71233346470344, -3.0339611684709387]
[1.9237337927510672, -2.1991976905885067, -2.7636008443854614]
[2.4667599310465973, -1.5681205506879763, -2.2602553520582536]
[3.340201599524392, -1.3290557192777475, -2.1324629525247847]
[3.8997462874418303, -1.0329654677403157, -1.7862659996208266]
[4.772273781291812, -0.6007834097884273, 0.4084827595315971]
[4.726457780338112, -1.1982342484757689, 1.2902300976180334]
[5.436535401665822, -1.3387754856679182, 2.4486234998546323]
[4.8344465458733445, -1.548816253669079, 3.3149956393394144]
[3.675469255399651, -1.4323141419088339, 3.7645294816016945]
[4.347992222246033, -1.6920797335441604, 4.988081301204836]
[4.45403125339388, -2.0265103644414513, 5.518384805583371]
[3.5058745794410227, -2.1653472545058614, 5.531653691459298]
[3.2981772370400093, -3.0272147641380935, 7.001785066444792]
[2.615124433968706, -4.054665499956431, 7.872647773688637]
[2.6198293181916625, -4.63140798345137, 8.055609246619953]
[2.284752569331454, -3.873225935280584, 7.836134732224602]
[2.9121091684440192, -3.941374577858916, 7.633846190231144]
[3.367389743081013, -4.284796007579141, 7.8173828615713585]
[3.025294983093731, -4.447860860244516, 7.854653194971919]
[2.8775601872403564, -4.261056708355233, 7.85435097931091]
[2.3527142019371685, -3.2243980306861837, 7.345602866350992]
[2.180657111627941, -3.380658640092927, 7.218736848192877]
[2.4318992591414452, -3.5335476806321546, 7.077149674793268]
[2.318832105198856, -3.6965694545714847, 7.044862646485291]
[2.147622644859157, -3.7797623571626175, 6.944699203670828]
[2.125365562067235, -3.9784240846232826, 6.828558273010248]
[1.5022877119645914, -4.154928081187054, 7.135329524759507]
[0.8720502972728318, -4.37977962130775, 7.566047806942403]
[-1.1040810081058723, -4.645814381077173, 8.04180201274851]
[-2.0934425920601325, -4.796150250204979, 7.962830694856324]
[-3.091784142072275, -5.024642774428295, 8.074711428676]
[-3.676425024443322, -5.387107592399258, 8.065101894812443]
[-4.013546848592443, -5.477404026234187, 7.9872100215960184]
[-4.078683397417758, -7.289399127117481, 7.96730090763741]
[-2.7258573553336944, -7.676081715379217, 7.607822432925881]
[-1.7078335608563295, -7.703576390324862, 7.335607335555005]
[-2.2441277665332224, -9.767185748922687, 7.48265664704406]
[-1.4141266911136279, -8.640704872885497, 6.5754177176171495]
[-1.0390048369743115, -8.747761183278541, 7.207106405610848]
[-1.9132464293777511, -9.027094662125663, 7.586722646103764]
[-2.8688804415978537, -8.095984888131285, 6.695433474530213]
[-3.1712269804912028, -8.49464905860294, 7.028978219218587]
[-3.7468285045717074, -8.706866817596875, 7.11117667402164]
[-3.095744569556646, -7.346389358735352, 5.955151426795913]
[-5.097965657512677, -8.369336356439751, 6.376524376037394]
[-5.331282638256625, -8.590274219414008, 6.505202413003656]
[-5.385998114343235, -6.93404585441676, 5.039423304919775]
[-5.337783175727013, -8.006434524142087, 6.105713958225134]
[-4.795094797166951, -7.958340056554275, 5.883295150036399]
[-4.760574409967075, -8.015279309584033, 6.531309771981518]
[-4.746041821309088, -7.799187357835715, 6.90784445182497]
[-4.36061669705238, -7.889375734980318, 7.008816844058838]
[-4.155887480743391, -7.549137767035942, 7.44700776992635]
[-4.2563472689901065, -7.578655687851674, 7.385611202797563]
[-4.364590599546435, -7.517004951987256, 7.343594024048103]
[-4.448777242447633, -7.620151311112609, 7.389527029059594]
[-4.563321422325147, -7.7655430537868, 7.388735007837131]
[-3.7215023934696636, -7.975360425127483, 7.302732039977573]
[-4.801330711334811, -8.18727745586792, 7.673769627539971]
[-3.8182069081073555, -8.271925762514988, 7.512302780046029]
[-4.110733989486637, -8.05568988802394, 7.519632028780253]
[-4.76022644728831, -7.99352482698417, 7.737623040352804]
[-4.64453828169771, -7.982623364395368, 7.726741328880374]
[-4.532393917007032, -7.911535369623948, 7.754524604465324]
[-4.6774644630063245, -7.927685429706713, 7.749327805178075]
[-4.534054984229077, -7.861099608746699, 7.750114467326388]
[-4.3838053851014545, -7.947016648938982, 7.348941365901068]
[-4.939475528567748, -8.003660002830651, 7.674165424004431]
[-4.481202182340358, -6.669778043016543, 7.2295883651976105]
[-4.422214991891279, -6.444527460952966, 7.237566395112617]
[-4.703173063551431, -6.191162018595568, 7.083929997258975]
[-4.953585947167294, -5.903273558856096, 6.9303341938623]
[-4.768982802799651, -5.03241214844181, 6.806266398107685]
[-4.3330888781513215, -4.706620877994338, 6.6942821262717676]
[-4.101422933035915, -4.369791321991812, 6.5661799940927645]
