[-13.1512473540316, 2.8671514899000674, 1.4903756981113307]
[-8.97251130951174, 2.8054074294002733, 0.2101452850912181]
[-5.925255413705696, 3.9098135014132636, -0.08031190875237901]
[-2.1965240315934884, 5.21065947811523, -0.13732741487546565]
[0.48038529970965016, 5.589323064013977, 0.5036750180243807]
[2.1557018679427973, 5.713959452607386, 0.6585386099854188]
[3.589127295216271, 5.8763321110883355, 0.9222502970668791]
[5.018899471291445, 5.421491498173193, 0.8670263921150471]
[5.129651140266771, 4.88099274151388, 0.9121263379273622]
[4.410230898187941, 4.262251478413415, 0.8919333578383333]
[4.566819788048467, 4.258027358428451, 0.7750298088741]
[3.8237417977379997, 4.007104180107592, 0.6801010823019197]
[3.1832436521170004, 4.25449783830243, 0.5318599037126374]
[2.9339109000918264, 4.288712125458433, 0.35104054231578946]
[3.123297920283089, 4.0679535431523535, 0.25741657501372495]
[2.8701490463679318, 3.716196695598247, 0.06976719595601069]
[2.351844075600907, 3.9120862588789174, -0.12259566721157496]
[0.6427228415670075, 3.649293192841961, -0.5176921364504598]
[-0.07478037214219936, 3.5645349510354922, -0.7637437953363094]
[-0.5053013962102614, 3.114524218532744, -1.2036057653324417]
[-0.6392886970879762, 3.4301499642148348, -1.5610481211677028]
[-0.5380566819455954, 3.6678990387237, -1.7598610083002326]
[-0.7270585252569179, 3.7927720111683274, -2.145355193948983]
[-0.49604258063607537, 4.268192132577126, -2.3294224308798643]
[-0.770522348685417, 4.592336697667738, -2.5396440431482548]
[1.9422058198093082, 5.653213819513411, -2.729479628001776]
[2.349980533196679, 5.732441046665054, -2.64193605826823]
[2.5532196848703963, 5.328570200358895, -2.335438432151541]
[1.8888400134288132, 4.832698371797108, -2.259410024875392]
[1.6103018042280701, 4.8557187610921195, -1.903689535281343]
[1.3151902728280258, 4.722020692763844, -1.671979147190313]
[1.4318421181970116, 4.680412957040266, -1.2116795026307232]
[1.4041116269287055, 4.60524978023826, -1.0664575922769106]
[2.51460757947498, 4.403119514814436, -0.3453906246788978]
[2.556773964870683, 4.369448489480894, 0.10383150298585442]
[2.467517807136834, 4.104801965290187, 0.3499556293252223]
[2.161280302550318, 3.463945020297653, 0.43116424803673326]
[3.3285298488407187, 2.8194389503841446, 0.013650115373861115]
[4.059023136569753, 2.6577235312919245, -0.11514882559826245]
[4.300439117189913, 3.121602749049611, -0.44026336173371966]
[4.4052930945768125, 3.4216602187031575, -0.49955819746233754]
[3.1104322127969195, 3.7130013487945086, -1.063921444231991]
[2.542332138032754, 4.142245022945825, -1.2581532892767904]
[2.5656896934854787, 4.773458978667624, -1.630508966849312]
[2.1301645865305616, 5.342357876101658, -1.8170437413971734]
[2.7641171934294197, 5.94307839603983, -1.8342750868151954]
[2.669151095786382, 6.066917231402724, -1.764596135933684]
[2.21116764935462, 6.0500750787298765, -1.6771844823257287]
[2.3033636072256702, 5.770570246110044, -1.739286517372254]
[2.4074177235817715, 4.920651683488565, -1.635781919931703]
[2.524563786282959, 4.515842252538369, -1.282379264389778]
[2.4149326520623235, 4.420069444166983, -1.0982351746407115]
[2.52634323403206, 4.007069800837834, -1.1165765944896742]
[1.8153320143052523, 3.550343878760641, -1.2108069346990524]
[1.9900429006130873, 2.977236040508026, -1.178705597734716]
[2.0132346865348465, 2.959197871093539, -1.2559813696844153]
[1.9103020740227168, 2.546109990546134, -1.1454353713839454]
[1.8521771210937559, 1.9032499584048863, -1.0259099086509025]
[1.7996790532481637, 1.3836963151065311, -0.8138554822153583]
[1.6665257221600098, 1.1287912286922543, -0.7782078743253286]
[1.1778301170084071, 1.0216851812671282, -0.8621854700529958]
[1.2375187878009881, 1.2656522511563066, -0.9308758467377951]
[1.0381284990086344, 1.9456080216062719, -0.9812439432816181]
[0.8530378204870923, 2.3254452182956333, -0.9167786228229552]
[0.6772768577535229, 2.7625299559201224, -0.8482285650542836]
[0.08552522180159862, 1.83373918175823, -0.6393639929764431]
[-1.1408736110447126, 0.15221915688176507, -0.7848102317045376]
[-1.7300327872709618, -2.1573410556710786, -1.0732854189319732]
[-2.28467570309546, -2.995617696998412, -1.1666459549838109]
[-2.3329104778680025, -3.666544251014011, -1.1799005476643452]
[-2.270460572338236, -3.9200711478520405, -1.370750813860265]
[-2.321996357377822, -4.455094356565252, -1.1055536991872923]
[-2.2876497247106045, -4.7775190295340995, -1.2043923943882333]
[-1.820862293790733, -7.919079776510239, -1.6319742535829898]
[-2.5363576133071555, -8.047258949477099, -1.634495922710575]
[-2.554938277259699, -7.995132393759137, -1.5555390346105444]
[-3.0809599389270996, -7.922641312689484, -1.617482091201207]
[-2.9777549138779236, -7.99727620402009, -1.6088017842009854]
[-2.938938006698976, -8.510698396332117, -1.7271054685777776]
[-2.8740573762755095, -8.526793621376301, -1.6815646260614874]
[-2.7223219064244004, -9.025652592153671, -1.630295352364802]
[-2.7187061086176096, -9.269974078124108, -1.6118752055418126]
[-2.825716494681744, -9.359253357454667, -1.3931004792162216]
[-2.7556452616172327, -9.206207567205475, -1.3139217977060114]
[-2.8255121555925524, -8.833489310371842, -1.249364289558378]
[-2.8700373918732787, -8.915563770078379, -1.3349557896331326]
[-2.602830048662789, -8.525335413421685, -1.538847274819653]
[-2.0394413296054466, -8.560520711773796, -1.6031035903484891]
[-1.898696632376038, -8.56242520298881, -1.650552075796794]
[-2.301460498336806, -11.223074676243073, -1.4739247869999477]
[-4.057789113865681, -11.74415424454958, -3.0326994307641844]
[-3.8827672725036018, -11.196553952247216, -3.6871320333971696]
[-3.6501704343360935, -11.226014516887487, -3.8701508931971507]
[-3.517985832483505, -11.376762982901084, -3.6750794889456104]
[-3.7352839334917016, -11.507109414527564, -3.3559107219969553]
[-3.297264962853953, -11.984063948050867, -3.322334680784121]
[-3.2167456547450595, -12.493948807428259, -3.3070343827401802]
[-2.963959231675803, -14.010431410589907, -2.9482674690304145]
[-2.2126527865753562, -14.161561007575934, -2.897407088859722]
[-1.9002182829919616, -14.326860532728537, -2.821431656457263]
[-1.9734490683479178, -14.525439150550191, -2.5852533876160764]
[-2.1287925620765384, -14.907577661773946, -2.2611538193347456]
[-1.887190590914097, -15.263672176317861, -1.991249932461192]
[-1.605499277972812, -15.217644061763268, -1.83261032960938]
[-1.0641145154296139, -14.941668577627768, -1.6258627367446161]
[-0.36400024934945374, -15.013639315532453, -1.4827081788126792]
[0.10940707555846425, -15.250038004933847, -1.515005552889644]
[0.15250529044027608, -15.595126296411028, -1.4809201189458492]
[-0.1974810922614841, -15.645969138761163, -1.6113419982951096]
[-0.30353529122823025, -15.636776640293293, -1.5076150763984415]
[0.29392414050632715, -15.339452784700272, -1.6319789233923743]
[0.9743633126547377, -15.226588739232485, -1.7658445800764744]
[1.3484850918849152, -15.31712819872663, -1.8100238124662051]
[1.7954911100555162, -15.086216867078342, -2.297409941547786]
[1.8212792824841715, -15.051909523836267, -2.2608974702230693]
[1.5544230429746777, -14.919611706171805, -2.2997243199886306]
[1.7320369902603103, -15.085423187157923, -2.4546753607560623]
[1.8210856984388963, -15.135761439950778, -2.4218087772645234]
[1.531360685923847, -15.591363822895778, -2.3695324194027134]
[1.7646594255997163, -15.608748327253611, -2.4151465299722994]
[1.781022678670215, -15.629816834458977, -2.4380469912794682]
[2.278385788895931, -15.863465480178068, -2.355803435013964]
[2.505748359484511, -16.028117631173195, -2.4581578408480236]
[3.166029816099067, -16.173996239615473, -2.731588446834544]
[3.027220636692937, -16.813932326560153, -2.860842542997107]
[3.177974036617232, -17.063714630300755, -2.7938120174933676]
[3.5213922422814115, -16.67119440167517, -2.6959718124047867]
[3.5682128567383096, -16.76849524068289, -2.670573693600517]
[3.6141994726380373, -16.944929885194266, -2.7908386741454354]
[4.411651941103964, -16.701805253989185, -2.7487714343090874]
[5.004064703342643, -16.688305694406562, -2.8171159168267463]
[5.145535536085893, -16.574329507614593, -2.7568001409179406]
[4.700951216501994, -16.48466933308531, -2.8839484108603815]
[4.653015493656047, -16.417758286859243, -2.8804879155175334]
[4.679374858442694, -16.091827508394903, -2.865968149870882]
[5.248087032043657, -15.998177064535493, -2.8754235219115496]
[5.571871366104413, -15.773353348140297, -2.934860171570719]
[4.9619661648743225, -15.836384790284104, -2.9893490879853557]
[5.057968089416065, -15.610410655892329, -3.00497319948824]
[5.033470065230054, -15.650073440620528, -3.1248809541314304]
[5.148951937341061, -15.733891280442636, -3.078762534927969]
[4.320617555107007, -16.220300090761892, -2.8578577217535255]
[4.7578980605455286, -16.342946437863493, -3.0020010830347035]
[4.945397247845933, -16.285767689955538, -3.031517926520796]
[5.165332198644305, -16.210409327004292, -2.991363786135535]
[4.923734161539602, -16.987631269043064, -2.766536282878576]
[5.2602741949004175, -17.28420752716249, -2.5348778319352228]
[4.6854229472565265, -18.32261935459406, -2.1541639087209283]
[5.017362279091474, -18.426903903961968, -2.134120946376529]
[4.367029633898415, -18.81516453428798, -1.8351650196749278]
[4.758391307257219, -18.743865677522162, -1.9665584042400848]
[4.269961194045411, -18.91869868327304, -1.7410942306352886]
[4.843913863180214, -18.86897915556574, -1.8460085004404188]
[3.967587281349725, -18.30159559330363, -1.7287139197831076]
[3.7554335886584536, -17.848779670507664, -1.7468919133714873]
[3.7438088272925056, -17.63898102307317, -1.7889719215064173]
[4.325154244896826, -17.349791930626736, -1.7059199292904244]
[3.7795600357177865, -17.804109128378794, -1.7388758725527564]
[4.3068833977811005, -17.572710779001913, -1.773668482099893]
[4.611409569331519, -17.358767254918998, -1.8721654061716608]
[4.707406930003315, -17.45780361379152, -1.924495202034402]
[4.583377469345141, -17.190564667756654, -2.1091391800527663]
[3.9712979533816606, -17.44511377888988, -1.991193208086421]
[4.549510136508718, -17.161209425547625, -2.1409119314443568]
[4.03265240073828, -17.317228396821303, -1.9439951532427613]
[3.759704437048222, -17.48870840973537, -2.0476734632119364]
[3.4550416018804953, -17.610478409866293, -2.068036982275435]
[4.347083246383252, -17.54121288502535, -2.274022501171867]
[4.502781772559525, -18.04937839202763, -2.4656486928025902]
[4.844127859010641, -19.384980352873075, -2.6064902205964193]
[4.430785790412529, -19.78133238465221, -2.5548261024583776]
[4.85322489842195, -19.421601352150486, -2.543244671099672]
[4.682911447460711, -18.999561316138276, -2.4660455400228667]
[4.964648687515437, -18.543632526426357, -2.400740114422845]
[5.034842838093851, -18.60709161143553, -2.4224009061813185]
[4.892346719129572, -18.362953059387298, -2.4253236621177705]
[5.201933618900739, -17.996990020768894, -2.5890855468373766]
[4.623857956324338, -18.176117568385603, -2.5859086854509106]
[5.092274712201779, -17.991788648829726, -2.563392648410821]
[5.411121902303478, -17.854993450350566, -2.6676018074294667]
[5.148467108306861, -18.277025396954254, -2.611604847303685]
[4.9528373444419405, -18.274436908362386, -2.534459839216599]
[5.069960665344633, -18.66370375580561, -2.4801498509273383]
[5.091134244238329, -18.91925857073132, -2.4372511715004452]
[4.794523733318463, -19.3358362651276, -2.3984460437788457]
[4.981537902598755, -19.340360797427966, -2.321086216664668]
[4.777117068844186, -19.2096189796891, -2.084540834669176]
[4.812538817643454, -19.14869493064227, -1.997074343753488]
[4.594368242155103, -18.684389374639224, -1.9374720389676836]
[4.742146022774673, -18.401818917274532, -2.038684770133508]
[4.608585155084687, -18.298408614895205, -2.1804304598749034]
[4.731593151583558, -17.622717379613164, -2.2707828116168756]
[5.030617690346179, -17.330363806742422, -2.298116452511795]
[4.743792098401871, -16.670048798035186, -2.3795789315144846]
[4.562289503902632, -17.03246284813701, -2.24842584858705]
[4.651147526352161, -17.182016884455788, -2.301913446220127]
[4.683760407173648, -17.499081970927154, -2.2156048502393797]
[4.6650048816775, -18.31703300896922, -1.9880914165940433]
[4.632257367274392, -18.49650055239186, -2.000025423900147]
[5.072752189507565, -18.360878492535882, -2.0578186818327677]
[4.1632855347440625, -18.537801153467594, -1.8870254846415304]
[4.906186886363038, -18.0332616119486, -1.8743677673049872]
[4.906171795711595, -18.25561648962936, -1.8429920104947732]
[4.87665515100287, -18.095251384656148, -1.833299454124838]
[4.998600403485236, -17.90876091786517, -1.8617538166519119]
[4.096995743324596, -18.193884844295514, -1.8995736545902029]
[4.420751563155987, -17.865221641873763, -1.9727531150458808]
[4.2985478399648365, -17.674245740642544, -2.1318096388263834]
[4.167868002014015, -17.259335859780453, -2.1559191254778574]
[4.337281551321896, -16.073232242174626, -2.5545148672205036]
[4.297549879352537, -15.8625429979753, -2.693652699011396]
[3.624032736121977, -15.421848394563469, -2.7463836352512048]
[3.4493376506892846, -15.066146667838279, -2.7739640034574746]
[3.540904453144423, -14.89202819630451, -2.801376907870346]
[3.79244132444403, -14.767094917781463, -2.827547879470424]
[3.6571318724525006, -14.648214006193404, -2.7647040600427126]
[3.4577590213869156, -14.980769942717988, -2.774633768804592]
[3.7800320214918366, -13.7580610461854, -2.9493304993800393]
[4.331402252200068, -13.329468318855188, -3.1776462129951106]
[4.288409859035525, -13.377281109633357, -3.2781867255707238]
[4.7507368934794405, -12.64610273930619, -3.5039937021110013]
[4.590472178574113, -12.46971089496796, -3.5765239223083314]
[4.300145661854405, -11.942952176184528, -3.6990525822653075]
[4.438695260114309, -11.880632242594277, -3.7717806871492487]
[4.963979751643413, -11.6135494719122, -3.8586067310651244]
[4.765861463462823, -10.36148062324023, -4.079207806229317]
[4.67575449414386, -9.804074870020617, -4.336838261520309]
[5.6751916849064, -9.651927814161915, -2.77539974564157]
[5.016164341430792, -10.283915070174011, -2.1603611428904093]
[4.608417100337437, -9.742160996117882, -3.8466143608474423]
[5.379602010747163, -9.424785230348803, -2.777441718524064]
[4.978929569647263, -9.277807551544399, -2.2844757250233654]
[4.5193649184994475, -9.536097366830168, -2.380154774665996]
[5.059286408572672, -7.842451220914869, -2.892479566685602]
[4.900887283512861, -7.086641997225465, -2.711365349192882]
[6.047772414743125, -6.537659944788368, -2.792981793483757]
[5.6567799935663725, -6.625537813859303, -2.8178062253017937]
[4.880496224879352, -6.276269659510865, -2.6474480438004844]
[4.628918694807026, -6.178951507361927, -2.683981272628625]
[5.4284289761248194, -5.221527774337857, -2.707871876153995]
[5.859369384350239, -4.750850266496812, -2.750684117071578]
[5.332537462790051, -2.8572898899515575, -3.1645267695338197]
[5.542870424948378, -2.292194709447502, -3.309567100360786]
[5.986589203470858, -2.0142477313010123, -3.4189035026953967]
[5.884386280418207, -1.5515623427785135, -3.4763451600713187]
[6.080547058197708, -1.0030909477868841, -3.7565888151007885]
[6.15850522070421, -0.6769627408524779, -3.9123045895412494]
[6.200854458384839, -0.5914788562958435, -3.9846232734960023]
[6.096348566516777, -0.5378499865243115, -4.180415489682443]
[5.093775572754314, -0.0644237475426991, -4.520620866467502]
[5.480444133019814, 0.5665544306843256, -4.727494888113782]
[4.850791325118485, 0.5654754163813173, -5.03381770395845]
[4.841035694228692, 0.8199855782060619, -5.091924610076058]
[4.4858882939132005, 1.1179151772034257, -5.390053912467212]
[4.166514886646224, 2.0889014170559057, -5.730385005608118]
[3.3414260332857335, 2.400239467238552, -5.617072321871976]
[2.93919291282854, 3.2894534446152783, -5.793239938683832]
[1.9230387767175876, 4.416698244153759, -5.459713806161796]
[2.103069563990503, 4.7674749701397, -5.293121209049123]
[1.5032800817328502, 4.6969822629076585, -5.100152628098201]
[1.3735248282168098, 4.694870818258322, -4.735236003904019]
[1.6782091915175203, 4.357753093042054, -4.490714966710147]
[1.9232172269199583, 4.3162736899342855, -4.169463249009999]
[2.0822421765213144, 4.170114221209119, -4.131642630315469]
[1.969021892062808, 4.177423553822307, -4.0749354705871195]
[1.1599629822469655, 3.768174400954274, -4.1419880216098806]
[1.6131893648835105, 3.7205935415062337, -4.1861949176239195]
[2.070058989155508, 3.5865533809835486, -3.8735748737453872]
[2.664679571111584, 3.1547903105535036, -3.802920180449448]
[2.8700665453468184, 3.222386983865886, -3.630037006115262]
[2.913093585209875, 2.806184425631678, -3.602955650625915]
[3.1500838888496214, 2.413915569344669, -3.3971442954070086]
[3.4077331948796186, 2.3216402180375675, -2.900339765981123]
[4.3697078711701485, 1.1643249386859043, -2.3455424063604724]
[4.270210767678938, 1.0309628732797507, -2.1455433347300845]
[4.472316645970037, 0.6230324992450106, -2.108774581652982]
[4.151131414621986, 0.8302529271621275, -1.8473680675456938]
[4.262826655905107, 1.0418852193868264, -1.6582631024099495]
[4.623356929770676, 0.7530207563925484, -1.4981063526471186]
[5.341721072201434, 0.7518658550748403, -1.3103187053158498]
[6.233379018516524, 0.6627596329762327, -0.9205071651739671]
[6.727859683309911, -0.050252987166711297, -0.5379143751018264]
[7.005367738768318, -0.30959066037491406, -0.4496608089857465]
[7.1091026272669735, -0.23530037048112995, -0.3818955576020778]
[7.469053744483014, -0.1524466272371764, -0.3698121202219876]
[7.787369742968049, 0.04552409458811391, -0.45561346174037537]
[7.522180482166896, 0.058832769498509636, -0.4161425467734774]
[7.591301017803064, -0.10974134059296944, -0.4549247544644974]
[7.701312921287331, -0.34114456603470356, -0.5964743106504954]
[7.834463386065976, -0.43637194496584214, -0.30634731564756806]
[7.884140577528327, -0.4109389318659248, -0.27402060744051443]
[8.19415115805204, -0.18933726894586841, -0.11207572875944459]
[8.189659568579481, -0.14192584053380383, -0.10320824214961508]
[8.202861720027787, 0.09704635419081642, -0.0671889168874866]
[8.282454757579181, 0.04836741570501563, -0.060099947306029376]
[7.9987137774132435, 0.03690872435032063, -0.21274888029472724]
[7.920321809651915, 0.26711799871973, -0.29226769966378124]
[7.446822865021715, -0.04585912385870763, -0.25137454199384834]
[7.470311872084929, -0.043273883928160395, -0.24464749934756858]
[7.652443807487026, -0.04941357704282528, -0.21477628206275454]
[7.724530942636908, 0.05919258965535946, -0.10935001677526791]
[7.910646408622929, -0.12918082398309427, 0.03307591940821851]
[7.932474856796841, 0.07590784949931238, 0.04230406749469704]
[7.856524795062358, 0.16162806559503012, 0.07080645354650661]
[7.789249190599822, 0.3957532552137931, 0.0561816632519922]
[8.087335585572719, 0.45549439654164675, 0.2802636923806591]
[8.123744008772439, 0.32553193537072916, 0.2484783598709831]
[8.288184321659944, 0.21862631717244885, 0.3058447265989685]
[8.605813589807415, 0.14968567242702482, 0.2773230208608434]
[8.997988868959768, 0.014373714717108617, 0.30579907132549033]
[9.14369078350723, 0.2337602455697693, 0.24471020456381845]
[9.297917944115719, 0.37952441920945046, 0.2342680630761333]
[9.332501911228286, 0.6334603229564794, 0.3413366879486519]
[8.323880779873955, 0.3670472725689728, 0.2773843052258371]
[8.314786960772938, 0.3018702885267643, 0.30030668518353254]
[7.905229170478215, 0.11962865995488758, 0.2427970162665651]
[8.378753901545313, 0.5901553186784825, 0.1446376932966382]
[8.274017458279872, 0.5181339378154931, 0.13167441563403426]
[8.173822713777513, 0.393384698784716, 0.11131368679247074]
[8.058518575778445, 0.19610584564348135, 0.1525052544089537]
[7.914876668498879, 0.06435684990126322, 0.21767360682366202]
[8.156165988650416, 0.06425163010039879, 0.20114937877300715]
[8.305027370291809, -0.08799425109986199, 0.10729122398873436]
[8.488589214382872, -0.05468398864414368, 0.12119553630047547]
[8.426372874715636, -0.031213158414403305, 0.0749309488926836]
[8.484983563679332, -0.11964533352670338, 0.041714590737425734]
[7.869699399445958, 0.22708540365443042, 0.2728494733206445]
[8.131354509666647, 0.25196369442733496, 0.23835318838845854]
[8.309492661741942, 0.49073885631433667, 0.22471728613298272]
[7.2591440539917, 0.34484254402647113, 0.29565495789855356]
[7.7319735964461564, 0.19670321242588742, 0.2711762872514621]
[7.751535126046514, -0.04407713176589715, 0.24428073386136748]
[7.9177450611465625, -0.01484997606627865, 0.03406723112085263]
[7.607998987935179, 0.021041036729672665, -0.00167287363010706]
[7.486562114136325, 0.022088301043413028, -0.04858327476905162]
[7.670098448486725, -0.056430181066181, -0.1985870937974468]
[7.7293760813387875, -0.35124631945940543, -0.31226909695030747]
[7.078301716118176, -0.5832232034181837, -0.7949759057369287]
[6.770318839885966, -0.26612116840207833, -0.8934470261046003]
[6.868700231654738, -0.12520607735609324, -1.0242904562402941]
[7.0578293858061345, -0.32719963848750994, -1.030994670956838]
[7.245839926914107, -0.11699209529946532, -0.9886228236968423]
[7.398535918600146, -0.2771616044569729, -0.8227222859802654]
[7.460650192162364, -0.35181531466960275, -0.8068729530838524]
[7.306170823790531, -0.6062135451350225, -0.6403825814513295]
[7.43934208625266, -0.35865867428230347, -0.6346110938660632]
[7.515871849144526, -0.32133639264674607, -0.42181471777312424]
[7.993052126020825, -0.22768467276645635, -0.36287973608593543]
[8.028117620038689, -0.1281892943954052, -0.11316340559852917]
[8.1688738888835, -0.2574404176050126, 0.018123573663821262]
[7.482755789243567, -0.26709042957279183, -0.09781685088505479]
[7.787320495001734, -0.5147606043883335, 0.13988055577931874]
[7.75638344098653, -0.832799382670266, 0.18455768989173532]
[7.734672664185487, -0.8624348455951059, 0.40118287702037125]
[7.677617774210141, -1.154728013662736, 0.43907281424903133]
[7.590284143012454, -1.2945956252998072, 0.39761701774638997]
[7.363839749861686, -1.3099706713631298, 0.4308873775085953]
[7.523711072690936, -1.2353832555640718, 0.5564941179695807]
[8.003667805785868, -1.56954867209147, 0.6108193189752534]
[7.915392050278475, -1.98844063119065, 0.845558867653115]
[7.835156443025658, -2.075108835565717, 1.0357768873621402]
[7.377666433365201, -2.051465968051954, 1.2672424889572529]
[7.688447440172029, -1.9085102169742703, 1.2564158919804338]
[7.624410825870994, -2.2766406317660284, 1.337765840089301]
[7.699913299555914, -2.222980196414515, 1.4482224895704423]
[7.71713975237514, -2.2306678043038497, 1.422853217851616]
[7.729840924407223, -2.393110881232747, 1.416940155959467]
[7.760627986263381, -2.4781864159464497, 1.4819709197563917]
[7.782607345800664, -2.6953827591835258, 1.4923416151992919]
[7.563052278878742, -2.1776193435287494, 1.605188591511151]
[7.569599068845411, -2.3503889736513526, 1.7600203094538311]
[6.888864088230166, -2.20492977212895, 1.7164640280244612]
[5.903339543540719, -2.0792678963760785, 1.537764444207687]
[6.640250847274448, -1.8493387984520557, 1.4506339756741495]
[7.108529447313673, -1.9604250386247433, 1.2278014818888994]
[7.201086824011902, -1.9908803851141683, 1.1735675844240856]
[7.277420724403664, -2.477939316815662, 1.0466075846399767]
[7.549746295482689, -2.3800286816874445, 1.1424703096475657]
[7.1346538502204835, -2.245850284938333, 1.3463440304715693]
[7.083706024657162, -2.3531943326455815, 1.483252694148618]
[6.862961985053053, -2.3273083709370157, 1.6078449498876777]
[6.584083001154525, -2.2735876830589383, 1.5742286074346696]
[6.627565946885367, -2.234070547598292, 1.5420107608944205]
[6.640098947636091, -2.2472560299409827, 1.4480070897811046]
[6.538482541579768, -2.2041171170184235, 1.3162539733707517]
[5.669629088038949, -1.8948212444338006, 1.3634654643010147]
[5.755139489912678, -2.0198065381063284, 1.4588603833553206]
[5.571888696992799, -1.9897870610558681, 1.563980074235302]
[5.283014512515732, -1.9361180516513556, 1.561824831650135]
[5.176874781652109, -1.8516470834021004, 1.418437865280438]
[5.123098121122739, -1.746936864381773, 1.3466014200112417]
[4.991866484582882, -1.800782623777115, 1.3502503978059734]
[4.9679294074839015, -1.8542377818769558, 1.3488435347813506]
[4.985054040277078, -1.8107508368392273, 1.3159895653715652]
[4.649506091806718, -1.738996213730823, 1.2161360506191958]
[4.389463501151524, -1.6964303735176811, 1.2519409831450914]
[4.075409303374182, -1.4514451988006989, 1.3081734496578246]
[3.870522036559726, -1.4709719359612694, 1.2590066039671761]
[3.8544908499480526, -1.3952768629686123, 1.2918045869143655]
[3.7106619530849385, -1.2202297835179685, 1.3202394190800637]
[3.329426349038441, -1.236184623314287, 1.1673951408448875]
[2.071856421535067, -0.378604435647757, 1.0240677459850223]
[2.340938297101835, -0.2806406948119103, 1.0356185789095171]
[2.3580761481362447, -0.3115250746034326, 1.0506585006861404]
[2.38604958574844, -0.39319268174129063, 1.0673625590509506]
[2.631622729849156, -0.4256577712068637, 1.1965285058925568]
[2.3511008192031113, -0.42371385797190464, 1.190202892863403]
[2.1273557476871274, -0.1382821933119428, 1.2879394067833536]
[1.5737590600524662, -0.2865723474401731, 1.2139162229981149]
[0.6100523674775014, 0.3397105287710797, 1.2560242543381452]
[0.385266185297877, 0.3121279950604546, 1.2495692069746445]
[0.45412539208977987, 0.5094244493054119, 1.3091221572115617]
[0.4483914820657326, 0.437881191699709, 1.3162575803436023]
[0.4057315825577993, 0.4872289356025885, 1.328855088024802]
[0.04893575310440786, 0.5717168604424836, 1.3302926907780348]
[0.026870946250938558, 0.5755010957851012, 1.3488333734202405]
[0.04710791448656847, 0.5773056269643615, 1.3492474538772123]
[-0.8223927303891362, 0.18910698600532366, 1.0944399682492874]
[-0.8289987444286804, 0.4973591015895722, 1.2235760759616203]
[-0.7908542172359216, 0.493304283478597, 1.1495306901746065]
[-0.6253781899765496, 0.5627630018956672, 1.0233681369918324]
[-0.4889067380589222, 0.7427126195830899, 0.9495648418426721]
[-0.48521607769467884, 0.976574766523482, 0.9703578547860523]
[-0.6512782112689492, 1.1485670396573064, 0.6882302396519101]
[-1.0015393162498851, 1.1500318919851233, 0.6699296598695926]
[-1.9157799974943857, 1.7870193060318662, 0.17502199561944695]
[-2.944225550296631, 1.9298426766476844, 0.12414293911418955]
[-2.848705415873124, 2.215688956774446, 0.23408606234013868]
[-3.346260476987009, 2.370127958733531, 0.3635842989931034]
[-4.304156035075879, 2.2437746836601957, 0.33651987749100865]
[-4.598158730240704, 2.141125473280342, 0.4101851568905872]
[-5.655161898521765, 2.3474719369384567, 0.3214335078916727]
[-6.146549006255746, 2.3043409607188834, 0.28622990599889864]
[-6.262781197148041, 2.3835154448798925, 0.3687900677543877]
[-6.291558408730306, 2.504900724649232, 0.37343562584569573]
[-6.2994355774445685, 2.3263652033130167, 0.314785618654966]
[-6.651533132614302, 2.3763534450485007, 0.1618392787383241]
[-6.467836626290025, 2.340484894931893, 0.1361669436370244]
[-6.489467254530884, 2.367953529289118, 0.12804454143153676]
[-7.274473728873403, 2.2951379456319154, 0.10350451759626664]
[-7.400810087874315, 2.132185298200862, 0.1845125988109945]
[-8.237310360429518, 2.088881431923651, 0.19355437256794417]
[-8.49561079493353, 2.001547802426312, 0.15290578849408862]
[-8.817546865625147, 1.8482514496870432, -0.0057028572423746355]
[-9.035811414840511, 1.9954420938558586, 0.03519675035101343]
[-9.068370537254186, 2.0506495020470616, 0.02948196552774132]
[-8.850326688787632, 1.9770906107181332, 0.003126409914341087]
[-9.022873495450447, 2.000529444642163, -0.057159757222687]
[-8.824791786348197, 2.147618108190169, -0.053410572603657086]
[-8.800180689877152, 2.1796797888612534, -0.07815973227085099]
[-8.735972357219623, 2.245957672571552, -0.13243247355125437]
[-8.800883526116465, 2.2525711025102937, -0.12521194283322154]
[-8.490454613109591, 2.4026379300646528, 0.08159257575491306]
[-8.445897132195475, 2.324296428359232, 0.06534928893355618]
[-8.242211543797833, 2.301757496365817, -0.02875377609316138]
[-7.743510942595687, 2.5015489034275302, -0.1366403825219089]
[-7.752228050435798, 2.435346267606254, -0.1593199430656281]
[-7.245109855314673, 1.9865735753345133, -0.24803005836718]
[-7.429804948768105, 2.1198695814148794, -0.11419985909111105]
[-7.7108833682315305, 1.9848821914688575, -0.14705575443647437]
[-7.705563232340488, 2.1795649943517037, -0.14404002233239485]
[-7.7606924523292475, 2.1299613097494734, -0.13863047262828407]
[-7.9109203623846325, 2.138943290930542, -0.07791609971995409]
[-7.831889850697268, 1.9116938855838101, -0.019806180487229066]
[-7.762345840848547, 2.024672874950938, 0.10164526189249662]
[-8.075158755288067, 1.910823345639099, 0.08424026591544521]
[-8.59866195639216, 1.9179050727717637, 0.2352691391782557]
[-8.370231200607684, 1.6243980803465254, 0.12025538804575675]
[-8.268361789061913, 1.6353825475107837, 0.14613043587211508]
[-8.434844029303628, 1.7845758535021912, 0.16975967225845895]
[-8.774660729131266, 1.717271581941819, 0.06680077491039275]
[-9.003066979736065, 1.607638113480807, 0.04028438711381871]
[-9.183801603400632, 1.5615210106632043, 0.06797465304081438]
[-9.834144326693117, 1.3457816784923817, 0.1321020959634824]
[-9.897413724341869, 1.1888046859057473, 0.25720606625323156]
[-10.049743204417641, 1.1847418576205773, 0.32939149637891596]
[-10.068887435004884, 0.9561982202501572, 0.2775015611028363]
[-9.968843781876343, 1.0577900799997193, 0.3101652629569906]
[-10.12990831863564, 0.8482566963698862, 0.3676606909320265]
[-10.298487389103231, 0.777142351269423, 0.2945261221605574]
[-10.093956269167174, 0.7305687332567709, 0.3165878381386167]
[-10.778542372071461, 0.7921444671811566, 0.33409637547435134]
[-10.38914320912127, 0.9372988672094027, 0.321890807859944]
[-10.232025793518055, 0.9548284748229532, 0.29631275647497357]
[-10.517472162231439, 1.132480887254036, 0.2383414702460289]
[-10.760180004877139, 0.9278634497912535, 0.3106375818308285]
[-10.96062518438787, 1.0695007001298296, 0.20652608815015183]
[-10.965506356521036, 0.991365930788934, 0.1767754369258148]
[-10.990008037978725, 1.0631166967085555, 0.2233380467920894]
[-10.852638390419791, 1.0834137783017272, 0.13157212701524637]
[-10.773503523727854, 1.1830998840765719, 0.13851932889651183]
[-11.060567842817136, 1.1645978370940375, 0.19803395784622813]
[-11.052375155199737, 1.1408699685045725, 0.18762186033474268]
[-11.24046406698267, 1.0384286281204977, 0.2949262756946087]
[-11.26815770827932, 0.8849684243800641, 0.2823784695408389]
[-11.210751724307272, 0.8781411940927525, 0.2612421289881058]
[-11.27032170557063, 0.936401199850915, 0.2856213987978896]
[-12.152094804258446, 0.7440604636245036, 0.3860179304150394]
[-12.225306767477441, 0.5593961349304547, 0.47088274602607566]
[-11.980032925574758, 0.41606480272654267, 0.5942375997748963]
[-11.980073405154746, 0.3958797648488552, 0.5949395059869748]
[-11.988493879817655, 0.437542685999472, 0.5833359182553541]
[-11.871664567582899, 0.5370513800539202, 0.469320621903888]
[-11.791721193498253, 0.569380235883166, 0.42051845705373]
[-11.76920819770489, 0.6104547552388532, 0.420618841679546]
[-11.548914822568863, 0.7376776006016574, 0.26908948624779266]
[-11.817192940066674, 0.8073515159310665, 0.2644163463450375]
[-12.18941997784108, 0.8304041661405412, 0.30221407700055164]
[-12.077227594678732, 0.848370976865543, 0.30066927921516945]
[-12.1523424575346, 0.826243611887036, 0.33185911632077786]
[-12.153074333381578, 0.9229409430217548, 0.37647606441959014]
[-12.119833299752683, 0.8333378276147614, 0.3930739214882937]
[-12.049399637284017, 0.7209845720939339, 0.4749741324401649]
[-12.051291719822531, 0.6690474643621742, 0.505599342122496]
[-11.243179455158973, 0.608503067412205, 0.40069575609592606]
[-11.350377501546351, 0.5553433090942086, 0.32744394666842513]
[-10.809905953053825, 0.6154238185693839, 0.11172302157167367]
[-10.84381220109277, 0.44929840863007664, 0.03431336116431622]
[-10.93100247723496, 0.4384023837667228, 0.013936654154084877]
[-10.869558544042093, 0.4816356576455595, -0.06780178915843176]
[-10.715813952400941, 0.4231774869838023, -0.23981475911492992]
[-11.31754468002441, 0.43184759374265796, -0.3778147213628703]
[-12.111784181715255, 0.21360252806120442, -0.127460273349628]
[-12.744660990485013, -0.022669106004134652, 0.006090899321097077]
[-12.718893297045108, -0.02477124607035624, 0.09693912023016883]
[-12.73405939124562, -0.1485566579300328, 0.10593030497008847]
[-12.982241842328552, -0.11574985563692437, 0.29298120951683326]
[-12.772447162250469, -0.19345981597026032, 0.17820229652871583]
[-13.011771641387048, 0.07006385778874263, 0.37446171738661943]
[-13.054059134792686, 0.12488527009835422, 0.3381384356753171]
[-12.933046265578755, 0.2699608632558209, 0.25487827382598627]
[-13.125158997794019, 0.17633523507217475, 0.32241112671972927]
[-13.074996679421792, 0.32568146724101, 0.26997242974894053]
[-13.109725922396947, 0.3178038011140809, 0.22715529662777195]
[-13.021541253790387, 0.3848852829965195, 0.16953526560765203]
[-13.196046560948089, 0.4128431876174618, 0.1498376575605461]
[-14.33870163784861, 0.686013065038849, 0.21874678453685453]
[-15.011468329261923, 0.6377154631654912, 0.26486166241992676]
[-14.706731467701122, 0.43313894463867736, 0.21224095312040442]
[-14.524775170292584, 0.5811763075601147, 0.14126506173846953]
[-14.56424073229556, 0.5767723643294853, 0.14877829293760866]
[-14.297825284416634, 0.747753518393983, 0.12472152465773864]
[-14.338823340937775, 0.5383003505572492, 0.12151805937100738]
[-14.912846857983437, 0.5661720779417326, 0.18819150254754197]
[-14.418732307811553, 0.5049444691787187, 0.23260439863909033]
[-14.286076802032856, 0.3439854839683978, 0.3218146001820849]
[-13.748097632156483, 0.37889293838404625, 0.34044890173010606]
[-13.417262723523924, 0.365720836042562, 0.3138001481233083]
[-12.828542977937715, 0.6548864748138334, 0.3180107751637466]
[-12.554305144761615, 0.6727276777791801, 0.21278145520953853]
[-12.239029967281898, 0.6915092087519469, 0.08504411161122416]
[-11.606319149733567, 0.7126632202950668, -0.17381557829238867]
[-10.916316018179433, 0.7540303736927559, -0.37215362507559563]
[-10.68658471235292, 0.9389717916150498, -0.32640223678697444]
[-10.284348102451867, 0.8855129777588105, -0.48588518486436166]
[-9.989341866084493, 1.0627754315378253, -0.6099425464778185]
[-10.020752054849172, 1.0601674573199271, -0.6069342062219671]
[-9.610615429397653, 1.1153443724692276, -0.6202253873779309]
[-9.995871568042807, 1.038434023923876, -0.5834917266670288]
[-10.280594344134684, 0.8932982224162658, -0.5726402845670433]
[-10.54925016426906, 1.1694205703570126, -0.5449470156795319]
[-11.301931890906625, 0.9809567401750086, -0.45887356036862875]
[-12.649852517791276, 0.7541067710179407, -0.2839807798746958]
[-13.305644681726486, 0.7023081590984208, -0.28621998440693885]
[-13.312408751992578, 0.7722353512752107, -0.2612318039774434]
[-13.647666449331696, 0.7948196818170122, -0.2098575659112548]
[-13.753252051956624, 0.8326069702393047, -0.18780670046424525]
[-14.307011062322752, 0.7537834113958176, -0.06138134716767668]
[-14.263983705830036, 0.680052550941526, -0.12015114213227412]
[-13.988261630130616, 0.7657584165035544, -0.1827829095056775]
[-13.417442379293737, 0.8043295825655431, -0.23120137918550215]
[-14.151836925057319, 0.7406645195404867, -0.0255410164646707]
[-13.749703877127045, 0.4477685145884379, 0.15131487464713309]
[-13.410203303716344, 0.10104585638121248, 0.19308960935938976]
[-12.08936010629905, -0.6075844385247626, 0.07537476219902826]
[-11.49471850871877, -1.2255304278418755, 0.009724439723561455]
[-12.298931522554314, -1.6200056128881197, 0.41538833852701834]
[-11.946633508560916, -3.942285176169654, 1.0005146390619057]
[-11.690351611326895, -4.902761518465438, 1.0678820446960073]
[-11.369950660696563, -5.322647061788385, 1.0987217014361397]
[-10.993354288531979, -5.284034068566311, 0.9730050448827364]
[-10.600890218924091, -5.370430438903383, 0.8118889242025288]
[-10.651455449433705, -5.278089578574535, 0.8359596410022049]
[-12.131234177502312, -5.108277589029313, 1.146440747751991]
[-12.01412367736691, -5.905523757798471, 1.3603191630645115]
[-11.994226334069102, -7.968040215932178, 1.8864815543324338]
[-11.598232892041226, -8.58898424758967, 2.2929920665396506]
[-11.785117033131858, -8.922256712377637, 2.451394377256632]
[-11.84207427439438, -9.092322166459462, 2.4702659185325992]
[-11.890772291491741, -8.81242105252431, 2.4030705888477435]
[-12.055222252728084, -8.76903167337376, 2.2341311895350136]
[-11.985273366984329, -8.46337571933319, 2.2022807555186414]
[-11.693348044116474, -7.92663750240184, 1.873663077552282]
[-12.065654042318435, -6.818049303502353, 1.4839818436166106]
[-11.725150833707952, -6.544251133046078, 1.3376006130697338]
[-11.615799076367175, -6.300578012362059, 1.2967051869571482]
[-12.890402286920969, -5.668670753053764, 1.4266361305878832]
[-12.676661735912187, -5.5984779964476035, 1.4295842034415605]
[-12.729363197264329, -5.6091897677255, 1.4279326910878685]
[-12.985701767975996, -5.471793906106471, 1.4158967428123568]
[-12.914820498929512, -5.171202454967836, 1.3910222263359697]
[-12.454950514655625, -4.881694022825463, 1.2932944266463962]
[-12.098287191180402, -4.9247434706646755, 1.31803438078474]
[-12.101753772099972, -5.193265746817023, 1.3271375831917185]
[-12.429710875405826, -5.156664912946253, 1.2275481463464006]
[-12.042514244250686, -5.257478552797129, 1.0100236637237485]
[-12.527866880091294, -4.899934702839795, 0.9971569827470358]
[-12.724574179165172, -4.847793068367558, 1.1728788981991167]
[-12.153062113269819, -4.5825700560623055, 0.8998501913593179]
[-12.035497704016048, -2.1796324861664758, 1.1001159335478636]
[-12.66371594272543, -1.9208935799362827, 1.0793501162049324]
[-12.611554741353157, -1.9773503708211424, 1.2024312564286628]
[-12.724595106996974, -2.068755070281203, 1.129362278617087]
[-13.129606580137564, -1.8588638050535407, 1.0503137870228643]
[-13.22571720827295, -1.657908196587801, 1.0417536420747147]
[-13.118496698203499, -1.6694376549594658, 1.0384801683631473]
[-12.07435890280124, -1.9823183575750944, 1.1324270766619153]
[-9.737889672875227, -2.81518893606256, 1.6143656807499904]
[-8.706404391856479, -2.8243674001713797, 1.7105686684254398]
[-8.531618703786739, -2.9164528869428867, 1.7270338183120582]
[-8.677672526359643, -2.9223390974856462, 1.7961391619069356]
[-8.983183698795871, -2.5418366106074237, 1.7622060456398065]
[-9.101076569284864, -2.513285748160292, 1.6277322563211805]
[-9.235308801983265, -2.040063294048851, 1.557829949823903]
[-9.211371947112571, -2.3637218427112843, 1.5130599677231475]
[-9.48193538492388, -2.271185249441875, 1.1594602656802466]
[-9.989074122359964, -2.0797780355898103, 0.8784062181184962]
[-10.100028572731986, -1.9228904755341962, 0.8064270702194004]
[-10.738312619855703, -2.161496722504099, 0.5519880156844879]
[-11.699778817571618, -1.6937670756336547, 0.6097181940094971]
[-12.391332224360996, -0.8979438041127914, 0.5886531412140235]
[-12.89274518350916, -0.8623521594805114, 0.48655755338932527]
[-13.407558827538736, -0.6932588805652047, 0.6201383858573618]
[-14.911026488282127, 0.46479109686693054, 1.2734170711495572]
[-15.331804261344663, 0.7529905638743651, 1.37586392856745]
[-14.257798616346378, 0.8650788253804648, 1.482486392015828]
[-14.913100748386872, 1.0985922360366804, 1.5581192267516377]
[-15.206974833752353, 1.309230799831809, 1.4354825544935577]
[-15.345629356504611, 0.9902493529617427, 1.4442997508178115]
[-15.046476965466928, 1.0183724975830912, 1.4846633069584962]
[-14.513407947595809, 0.27896509777262385, 1.6694046226720523]
[-14.933439495222958, -2.2693408238632093, 0.684552119997634]
[-16.81227896863083, -2.9165472610603604, -0.17033772736665928]
[-16.49019520054968, -3.3296471089432798, -0.6481520148961202]
[-16.83881305782166, -3.974509441965524, -1.0865973785178844]
[-17.53477472646211, -4.036880915007521, -1.4379660387311255]
[-18.18056540833443, -4.55857062307525, -1.7201889014762035]
[-18.510331003912984, -5.275529578972006, -1.6314821124983518]
[-17.689132725955776, -5.580613464725324, -2.1814999249576252]
