[2.1791361983383974, 1.5693880016219113, 1.7194479505215499]
[2.129684185753591, 1.5206082327700519, 1.6018645966718932]
[2.3577808500872295, 1.3354606865915761, 1.5577873421507367]
[2.509091121323665, 1.35423255425181, 1.5171106574793791]
[2.362658771116388, 1.438730096355241, 1.5676431767295242]
[2.3362474930399455, 1.4365165694588624, 1.523822710322893]
[2.5565122821295647, 1.4778082571129545, 1.5457441519825343]
[1.8250988729773443, 1.0829771193272206, 1.9082705524916836]
[1.9036666287152733, 1.1381662377234318, 1.8919473409138012]
[1.8906803524540439, 0.9059064442906981, 1.7908579776244584]
[2.9502065431274023, 1.006242937737445, 1.7583440109085977]
[2.4355367864713626, 0.980196897190476, 1.6251187998190373]
[3.7303130932404325, 0.9991167875543356, 1.3017597113501709]
[3.7132563084102066, 0.8279096360032123, 1.2282419238992284]
[3.8108203010148065, 0.8634581555488502, 1.1873170557199701]
[3.8809168085578047, 1.0807328470151774, 1.205653961910588]
[3.921721883467077, 1.024143737148857, 1.2466240553906531]
[4.25587897171404, 1.054761432840917, 1.2165691870996769]
[3.4701088977850794, 1.128147121296438, 1.0523724220410569]
[2.9600142832591256, 1.0505075685188225, 1.1391960311630172]
[2.614165548637127, 1.006724679640406, 1.1453722917870948]
[2.5429062189083176, 1.1671571124962266, 1.0962892120963172]
[2.6853160379132244, 1.2188159305462258, 1.0571138646819267]
[2.539777943585048, 1.5040795127830098, 0.8211880998524991]
[2.4753969243936154, 1.3683964279831924, 0.7945783316681654]
[2.659717020172978, 1.3707928957810924, 0.7722212748832121]
[2.4904610453327307, 1.5068243156388315, 0.8667759192986872]
[2.596415934448838, 1.5384667285541227, 0.7108610645071194]
[2.6297008680456213, 1.5328208508765295, 0.7810566522921428]
[2.393189329954375, 1.5604784158866323, 0.7360152420890588]
[2.4166384727683545, 1.6513628752356098, 0.7609907696382319]
[2.47091295991199, 1.6030073788655885, 0.6948509114079134]
[2.473659645410079, 1.7665533055829736, 0.6616989313944261]
[2.9761848663868493, 2.0458335837724735, 0.852733897090642]
[2.887583398870794, 1.8964717037021692, 0.8583146717500717]
[3.00653531068648, 1.9725039305116123, 0.810123897050008]
[2.9041803915445343, 1.8743825702928212, 0.7223879905094448]
[2.7247960480575797, 1.7001927348265604, 0.7494607578707785]
[2.9181493091125197, 1.8335419515062652, 0.8322227579863427]
[2.7494027413468074, 1.7948003143017872, 0.7559024536069512]
[2.830873605667381, 1.7759960796406515, 0.6797894906797453]
[2.5081647088187493, 1.916694851099515, 0.2816179100747748]
[2.591506311410837, 2.025297998594044, 0.18506582311894226]
[2.416358694619393, 1.7896589655325843, 0.37481028946515216]
[2.369719169119119, 1.450755919369237, 0.17362052694315286]
[2.4007452300903287, 1.3835839657698126, 0.1262809994670515]
[2.342215836888586, 1.219384361623512, 0.2689013246355997]
[2.741548496632391, 1.3743092775659627, 0.11414397773112041]
[2.492269559943011, 1.3861117288843896, 0.2861601017380713]
[2.6121890226230393, 1.2184958423651517, 0.897401563980895]
[3.0086118527696804, 1.2456723669365994, 1.0114275427223882]
[2.8749595039990288, 1.3909927214008808, 0.9152856369439455]
[2.9623979320793006, 1.2062022883048098, 0.8424797842938242]
[2.704563825177299, 1.3130061258374774, 0.7457483702415628]
[2.714066491990842, 1.2186020199510827, 0.7585960513292377]
[2.7307674615999806, 1.1941573025611472, 0.6826663766020283]
[2.8127330012335143, 1.3028720498107407, 0.7772893932684563]
[2.7944639554475317, 1.5012923857271652, 0.5973560249193837]
[3.374481133073521, 1.6392394647134858, 0.6532827952540706]
[3.4915383329543306, 1.3136533891318476, 0.7803574715143573]
[3.559260668561383, 1.3549749081148657, 0.8218401585461057]
[3.5760542195834133, 1.266828979972705, 0.8536979437333477]
[2.9889514413110545, 1.027783007591784, 0.819547967991882]
[3.6581312458161137, 0.9624153121658078, 0.7418755457955168]
[3.3473644437423453, 0.9795082471435346, 0.9277155607677499]
[3.8160830158191033, -0.09730106222822793, 1.5765818922509032]
[3.4477675875721294, -0.540693783116676, 1.6769809624639824]
[3.5778526967454605, -0.8588325952967479, 1.9211912326441631]
[4.50239485018592, -1.5049947407218212, 2.14306699754723]
[4.664174320453497, -2.034317500957044, 1.9730205039086057]
[5.011174409775043, -2.2584437583155346, 1.8484949191294386]
[4.179686115679325, -2.180936371112074, 1.6301503169546063]
[3.4682029705109927, -2.1213207307293676, 1.3639976827264246]
[3.4235406903012042, -2.919733421044682, 1.634011268189063]
[4.225605693057236, -2.996324153254656, 1.2956103904126255]
[4.823468141992997, -3.218629750438785, 1.4955220500233037]
[5.204623946717917, -3.963387113622723, 1.8057798117787833]
[4.795000636971727, -4.746342645917628, 2.007235037577331]
[4.022000217974548, -5.334401628112586, 2.5935677586225516]
[5.269966489703373, -6.062878511319764, 3.227613121346824]
[5.080805350178479, -6.575076951645718, 3.601662060427818]
[4.944109760727841, -6.246108248604761, 3.852439093957727]
[5.465867922913917, -6.070537382480534, 3.496698783100058]
[4.986084394180861, -5.666479866908856, 3.4626085382706493]
[4.437101837230217, -5.945672421032123, 3.10348654452522]
[2.8943363644299205, -6.525526557588214, 3.2223156290938144]
[2.9592696620963745, -7.18363640044875, 3.1896347290510985]
[2.4057773417126525, -7.518827116964271, 3.3368966960802866]
[2.4627094848409112, -7.4261171259448595, 3.27085559657499]
[2.9479761045363975, -6.523389547948769, 2.3603952459659094]
[3.446270484506679, -6.2706614326433, 2.1362858594344645]
[3.0747451861323043, -6.252283749925826, 2.116627877511897]
[3.126159229119246, -6.320192209564245, 1.8476571895522387]
[3.0413344041448673, -6.3590430136795275, 1.64267964363592]
[3.813944524249205, -6.134192788863905, 1.4008018521112409]
[5.022486836181639, -5.755037075629374, 1.1353788479818514]
[5.614343213138787, -5.754769751369183, 1.2639641889645628]
[5.827083851628898, -5.33218700569993, 1.435329893462287]
[5.221710447524759, -5.131188853934408, 1.2480027809978658]
[4.699255709928362, -5.081680590473535, 1.2388813356818968]
[4.5539612195001276, -5.171030855607783, 1.0260684391875878]
[5.290063576938007, -4.647867672791554, 1.26884173870226]
[5.8655686291241125, -4.23884735748368, 1.5806145198872956]
[6.150715652852776, -3.8638409681925427, 2.489503615595244]
[6.442733647369995, -4.244133999916431, 2.783765023712528]
[6.621683813160957, -4.391492266758339, 2.668076879903613]
[6.406832671935783, -4.14233606559587, 2.5193756045642433]
[7.381059070576014, -4.295503966546654, 2.597713902183703]
[7.45899084359508, -4.324566448955526, 2.5874280532570424]
[8.16501067401493, -3.5605798234064974, 2.4347917805929615]
[8.048243856244957, -2.9778589062392724, 2.5741211890559614]
[8.165229136292623, -3.2516600127964157, 2.8803490177550266]
[8.395930941709548, -3.371528439040748, 3.173104684321918]
[6.588323326120372, -2.546891676481513, 2.5992591612012768]
[6.615872788945733, -2.4839683026501076, 2.4037213576879215]
[6.468171192582211, -2.54625878117933, 2.12927490225673]
[6.547972345876566, -2.572682273889434, 1.9707000874832323]
[6.332101986954624, -2.4655990690648193, 1.6437836071419092]
[6.063012511855199, -2.7462153157529947, 1.2353146112848106]
[5.63887407632063, -3.0640620452968306, 0.933199284718991]
[5.5618871569788055, -3.6933935322058025, 0.33513524521860033]
[6.350650014135929, -5.250589885314073, -0.5286625141224638]
[4.953050558468117, -5.99114063461237, -0.7855055031616289]
[5.28022015053047, -6.174201000709984, -0.9239397195512887]
[5.544686370455301, -6.6268012521554205, -1.0526491689532391]
[5.967831963105303, -6.870269200964756, -1.4139021833691081]
[5.070790076414331, -6.6847467535447445, -1.553739431638734]
[5.5972334167857385, -6.526977387770614, -1.6476192231864717]
[5.4377758659802335, -5.719196973267789, -1.853767699846086]
[5.287834390316736, -4.228596007420728, -2.610291453192208]
[5.232760498634564, -3.974737868568904, -2.5122308272724894]
[5.8264678168129915, -3.950000747172435, -2.545076264501691]
[5.99000943860356, -3.7812279906313124, -2.592660154294329]
[6.2801312434986905, -4.073256429744819, -2.4648264396771857]
[7.130201014733458, -4.2262453096795385, -2.4331235447825925]
[5.977229249145363, -4.094294367224897, -2.52905802550765]
[6.123442711470433, -4.549575233320146, -2.2753189074421782]
[3.5149425394525595, -5.764898075154325, -2.535310788682939]
[2.806380613179897, -5.773739901161388, -2.664956187766976]
[2.968576993960829, -5.890295741927213, -2.6694623102683845]
[2.666098574954432, -5.976548596783021, -2.459704103823723]
[2.276113512729624, -5.850084522804977, -2.5506900451402066]
[2.1570398866005687, -5.92255572115846, -2.5223114219648033]
[1.4929446771133625, -5.902434023158958, -2.6257374876222372]
[1.4287270095788165, -5.554207102516691, -2.6067501349112554]
[1.668664724940533, -5.427685253773555, -2.4505390814641665]
[2.231743897402673, -5.637508331172261, -2.5338001319860313]
[2.590953081335345, -5.773347278669717, -2.261019816913072]
[2.4280414904871366, -5.872959925651729, -2.2443058014396224]
[2.28444902033486, -5.765407193231404, -2.0516693447252563]
[1.8603090745775446, -5.886149306079, -2.0773565317005804]
[1.7955459532247335, -6.018174805141851, -2.104999268827585]
[1.7702291706437914, -5.877305929176891, -2.0552199600430225]
[0.764821889461332, -5.864059211982692, -2.305616845540497]
[0.6748350341680093, -5.775249590154952, -2.2391313248997275]
[0.7703962029028716, -5.9189868041784575, -2.1960771079469903]
[0.9144250771644333, -6.019970321686497, -2.0608731666496567]
[1.2716513927055992, -6.106924607636234, -1.845302425111077]
[1.627369886632232, -6.381707549710583, -1.7622051956450548]
[1.7406194458062554, -6.20749067661846, -1.8425021001085684]
[2.0905995040953282, -6.330129985473983, -1.7243980289529892]
[1.9687714884308922, -6.473250820717039, -1.7318864284702014]
[2.776716666954292, -6.282684697513851, -1.7150426650083184]
[2.2686586827664175, -6.384660369627504, -1.615268456993501]
[2.2746292806267374, -6.38848421991293, -1.5502635865961565]
[2.102624815068701, -6.579244618311564, -1.520028495770574]
[1.7731112530012272, -6.718215577220143, -1.437880139129882]
[2.298019860522309, -6.694826721599346, -1.336908589623315]
[3.212866849087172, -6.802548681522128, -1.2856547123920605]
[2.414763653621855, -6.044604486419844, -1.498441936258759]
[3.2468865318577578, -5.810883055147977, -1.7244254752414359]
[3.4622734186099273, -5.869978183204559, -1.5020935984839918]
[2.4885760143500617, -5.922757289591706, -1.166914584539055]
[2.268292606912313, -6.436334412596229, -0.9649447507548555]
[2.7646903737330946, -6.469719428614583, -0.9777712442009386]
[2.486693913835465, -6.3944138660621475, -1.0248855896494011]
[1.3815502064298597, -6.435349173073615, -1.2907470516015378]
[1.1724443021825603, -6.128428883137299, -1.9281981594838065]
[1.7032934581398338, -6.177966311040319, -2.0689377357811147]
[2.0774148958946426, -6.246267511590994, -1.8967844768981548]
[1.8367031294945062, -6.547998375115087, -1.8813479012739962]
[1.9871446827826245, -6.310239897268324, -1.9780163371204071]
[2.554064791511047, -5.778638082716673, -2.4180597710567056]
[2.50586876350831, -5.500561551666226, -2.358496649981168]
[1.9430599688790187, -4.780444370672768, -2.0983298715442418]
[2.040602185387939, -3.9070098727402787, -1.4001222301160272]
[2.5915907053792036, -4.2131037565376515, -1.1556466095851698]
[2.0964845998370674, -4.222676701738756, -0.8350399931354703]
[2.424178457590834, -4.733997379507033, -0.2926137918450723]
[3.4113111292635145, -4.888458774964763, -0.1795015202363713]
[4.001769991740924, -4.903276603911282, -0.18292910899537965]
[3.360853728604157, -5.148827970858374, 0.02895646403276363]
[3.399546669495916, -5.289118750971922, 0.1735215622135206]
[3.130196324093979, -4.831181661618116, -0.15547575979781525]
[2.90362113769222, -4.693613439933365, 0.09966972991083359]
[2.1919627408327904, -4.649989701304318, 0.3916906023575673]
[1.048318254906299, -4.336793568298243, 0.6806462564053243]
[-1.1621249763914365, -2.0052485745069264, 1.7391705683960121]
[-1.776701835093647, -0.9509879951655859, 2.072422957228772]
[-2.1495991875405007, -0.2803377982398081, 2.6445154681302974]
[-2.504907674853457, -0.3463923145041445, 3.4869391431185854]
[-1.9226026033385424, -1.5860162613528188, 4.186940013138749]
[-1.9238987852986493, -2.0632758710492207, 4.387664660365029]
[-1.1475382921824422, -2.8094812280925456, 4.515777448837336]
[-0.9227360701340654, -2.9755359112692266, 4.919685474976761]
[-0.7482294567707884, -3.4636158137718094, 4.993725445652335]
[-0.10988531384698966, -3.729156478701145, 4.982100349384015]
[-0.31849363417454135, -4.127284909109749, 5.085020645969449]
[0.06928215083424882, -4.314467630836694, 4.8718769445565195]
[-0.026348398626639437, -3.9779070479260104, 4.8840962889786]
[-0.2112917466221564, -4.211230312272625, 5.139775797331517]
[-0.41839835171741724, -4.2549863836187125, 5.306465768768965]
[-0.7844702199672733, -4.323293456738299, 5.435995981406656]
[-0.43141741824244084, -4.4300804379327845, 5.66184943513569]
[-0.4379916817794848, -4.620009662676342, 5.744442122069995]
[-0.1779181301252895, -4.581075653762702, 5.777418293201047]
[0.019124494621348832, -4.642844310091207, 5.771144124739524]
[0.1822039669653226, -0.41839284828995055, 4.175584317183443]
[0.7761814188036094, 0.38270281931466493, 3.4485904852510956]
[0.5061032369473943, 0.6580765802575375, 3.223954868589238]
[0.32263700131845985, 0.8156790269388834, 3.289551606082773]
[0.4844501803085746, 0.7914510610396609, 3.1470004647075287]
[0.7394766495865766, 1.3531433240015378, 2.9110167114416146]
[0.24605516457563503, 1.8731647806120872, 2.715992824508528]
[0.1926471848059372, 2.2520701075061655, 2.53560687273827]
[-0.4218004428143837, 1.7246165733423762, 2.7631278860474415]
[-0.6478585223057933, 1.2973174327069583, 3.0302161219838237]
[-0.6213570933607221, 0.14609584505835668, 3.372361431362327]
[-0.14894445133133993, -0.352205912224408, 3.6944596154437006]
[-0.0703025132894412, -0.8522791253284372, 3.8414705237926716]
[0.2554072420126933, -2.538014891386299, 3.9114474756330875]
[0.4808808377494764, -3.2761847449726504, 3.9180537203556156]
[0.631020317166565, -3.7766718460832553, 3.963005245524087]
[-0.2419575495721695, -3.161868674757573, 4.787629600357222]
[0.0862388760110831, -2.8708044749258583, 4.769179946982981]
[0.7820189367343321, -2.6116382875487654, 4.81613489283917]
[0.7046719268559779, -2.593765642444406, 4.58954592934377]
[0.513961899378616, -2.576171771840318, 4.592648716567841]
[1.0419248979116855, -1.4669114489656407, 4.6126387355178595]
[1.0195730477675866, -0.9673879656936732, 4.867339953772155]
[1.118736585827335, 0.15298049274971304, 4.8083914810191]
[1.9193095307177623, 0.7287681326648934, 5.022412464977926]
[2.6466899831224824, 0.20470618696285256, 5.219727991983676]
[2.3910958559130004, -0.2709244829105892, 5.590344420867152]
[3.1242064828190514, -1.2382181679610056, 5.928810630423959]
[3.4344881777601843, -1.7191592847257344, 5.883757655809784]
[2.9039077241865128, -1.815371414189812, 5.804918697583659]
[2.5262930820493077, -2.331663511184902, 6.011621996238025]
[1.7164171954943501, -3.5998189569916397, 6.120589163905757]
[1.3458418897636075, -5.869848903179527, 6.652849908990762]
[0.9625479187758343, -7.0469976043001035, 6.768824911491091]
[0.6642439709218925, -7.746163330883511, 7.120409302967211]
[-0.2037483347598725, -8.22831813823521, 6.990357867889251]
[-0.47821238603974675, -8.096515861327688, 6.952607288356635]
[-0.4603181319534675, -8.089349941396224, 6.946838645483505]
[-0.5958418464232013, -8.289946444193784, 6.735231422976936]
[-0.5942067464079643, -8.28276242177006, 7.142760047785573]
[-0.48453531339811623, -8.587710308159224, 7.036052311585774]
[-0.44162278677803685, -8.32199316754138, 7.254537437987125]
[-0.551801770063932, -8.466197660815652, 7.301111564224112]
[-0.7489735606476713, -8.278017146325805, 7.116960687350728]
[-0.9265654757829886, -8.113135609478888, 7.309016789579506]
[-0.8801480664792559, -8.275362125883156, 7.491172134788352]
[-1.1798535540551838, -8.13394286778128, 7.266962872926508]
[-1.375832024460555, -8.044876556246702, 6.913013576721346]
[-1.10734870997173, -8.014810848743467, 6.709898694914534]
[-1.169571053721883, -8.241889284373547, 7.211784829943155]
[-1.588896361643151, -8.3524197959604, 7.110107398256617]
[-1.7867199657157227, -8.20411475202056, 6.85313213072394]
[-1.8561069991017667, -8.118773229955034, 7.200546570018785]
[-1.8856146939963057, -7.757562070714999, 7.032229273882577]
[-1.792164115678727, -7.992270457420475, 7.509602305393047]
[-1.8046705647472714, -8.044753137283912, 7.288393733723691]
[-1.244791885053114, -7.819523501491668, 6.827862673773638]
[-1.2080589125317807, -7.493335141319205, 6.72468524125466]
[-0.9965444276390032, -7.398437462208302, 6.638063527826479]
[-0.49939397583388906, -7.561861780032354, 6.933020453061814]
[0.06198471649927799, -7.856571621586827, 6.883821789789504]
[0.5112006129762583, -8.031229605150875, 6.966658131097374]
[1.1664451688574557, -8.059245666794709, 6.652826243378095]
[0.9576601030438909, -7.839743358190773, 6.269173417334391]
[-0.01144020158271234, -8.516224608383062, 6.032239967585551]
[-0.12175583062989713, -8.524776521373692, 6.073112063728856]
[-0.8848607318587766, -9.102234567347082, 6.100027848912766]
[-1.8393854758833164, -8.577972670174596, 5.419986529061581]
[-2.2264116321327805, -8.747244011783554, 5.87443429812657]
[-0.9008431944138344, -9.474239580292513, 5.759196282697873]
[-0.744436440577646, -8.835652902824458, 4.902452401304078]
[-0.7070023987864403, -9.2016830102086, 5.47393540146629]
[0.3706548972266578, -9.847198111690073, 5.809075714501391]
[1.5652274218347952, -10.186230301624416, 6.045592304274833]
[2.82016045937876, -11.217134776624368, 6.253096806773223]
[3.4020582397140076, -11.358176989249053, 6.169324475626678]
[3.4864075296467187, -10.8002194758123, 6.4131303783962785]
[3.1908691904539705, -10.83920227772003, 6.304106801477394]
[2.672116257148287, -10.62486182419201, 5.9417001691839]
[1.6408823292651797, -10.754548956240296, 5.754170505092678]
[-0.1939307408550953, -10.875266391702407, 5.749441879658967]
[-0.035529128984116275, -10.402128239690528, 5.351530875792602]
[-0.20836141831452382, -9.755216376411806, 5.210392945519354]
[-0.5204890540832533, -9.599257028484855, 5.410360880347597]
[-0.4710889901917606, -9.56056519892364, 5.305493380078969]
[-0.1982043211574679, -9.216851082367498, 5.503928650721789]
[-0.10064636676273256, -9.251552973486454, 5.464811157355466]
[0.42715628289038077, -9.015284492952706, 5.366797434374676]
[0.5307791064704294, -8.536925796371962, 5.585107238007147]
[0.5726096414811848, -8.91779670040463, 5.979506728795014]
[1.110141377741857, -7.412375485284266, 5.817457358607076]
[1.060133682974939, -7.104873632243118, 6.055117631921573]
[0.7163759659040403, -7.434492941742185, 6.2847854149647215]
[0.6067187578122211, -7.384238737690075, 6.512192854031735]
[-0.13605286848543685, -7.453784959267015, 6.9414451229801575]
[-0.32165027799001816, -7.2304780338682555, 7.0894654913875845]
[-2.719063829866097, -6.962475445807638, 6.94918347213864]
[-3.7141334458860187, -6.4533655166333626, 5.4329480553461895]
[-5.588524184369973, -6.458995942162394, 4.413233412101653]
[-8.338747324179208, -5.9865783126477075, 3.421653857332249]
[-8.877513743894951, -5.257408869409244, 3.4318460557835593]
[-9.367420818372516, -5.384730955041359, 3.147658856106813]
[-9.339645905176384, -4.6284285705676504, 3.217250230307724]
[-8.692899474277949, -4.428400166297794, 2.8508157948449635]
[-8.712240704772201, -2.729892612370982, 2.9334484847722435]
[-9.01105880785494, -1.6004630165596343, 2.9460684809023894]
[-9.547602264820227, -1.964387131449454, 3.105824835150001]
[-9.509744274929965, -1.4143865268074591, 3.50446368737639]
[-9.767302030253905, -1.319046655098577, 3.5629005774762508]
[-10.58257479853142, -0.6368649300960194, 3.2935698304651493]
[-11.437688818686894, 0.046785693074586195, 3.3445591619514268]
[-11.967049363282705, -0.16881201626891323, 3.0299187101987037]
[-12.43275407007296, -1.3942059705520287, 2.3536726672633415]
[-11.678889764749247, -1.2776165079657031, 1.7037789680778832]
[-11.177290856657287, -1.0303198628562213, 1.0970249164056969]
[-10.333965539747929, -1.0433506574941533, 0.7486294430056482]
[-10.291268653111093, -0.6501827114139012, 0.6481623021274269]
[-10.728941933294934, -0.37270060174940467, 0.4710042376094327]
[-9.937305277098352, -0.22453298051839882, 0.2893248265399341]
[-9.86713568584368, 0.010597430651655268, -0.09250136147988842]
[-9.599265312256247, -0.15770738981321775, -1.1552311885621371]
[-8.83594313346074, 0.06906931922208531, -1.4226957979989905]
[-8.164654398642666, 0.17542745563805454, -1.5133054028279787]
[-6.563698668257192, -0.49357505468978835, -0.3909464116125948]
[-6.292876907147063, -0.9902600567464752, 0.05390115259885821]
[-6.088540203809878, -1.523323718132383, 0.2309351517701611]
[-7.008896801821326, -2.344323163001146, 0.4146695471057223]
[-7.624869873498078, -3.414676636356506, 0.7443378519170981]
[-5.9052407580039565, -5.733565245056653, 0.7489482214310956]
[-6.092203596008119, -6.073960801682436, 0.7504585281122497]
[-5.393251148855981, -6.590490254811021, 0.3503255852798644]
[-5.481540428585511, -6.5301883031891865, 0.2511445185704028]
[-5.300366886186329, -6.876915842725529, 0.2147149710904121]
[-4.470397373206853, -7.059241780808363, -0.18822152439963055]
[-4.766230141715385, -7.268574639067803, -0.3826040431501043]
[-3.7973917679101805, -7.38808797393934, -0.1353687521608756]
[-5.677177388026058, -8.294944068596248, -0.07927320399640371]
[-5.946387913508961, -8.287415607103176, 0.08854132123930626]
[-5.5298229942122425, -8.371090218072467, 0.10220710374649988]
[-5.055502778421633, -8.036536048120507, 0.15466901370146396]
[-4.812519204458694, -8.079383874277786, 0.6315125915114763]
[-3.996760253923068, -8.04845055143061, 1.0612218272537361]
[-3.1692439908823093, -8.10710238417862, 1.2827677734798264]
[-3.313134828463743, -8.119583296468782, 1.368353528806975]
[-6.414492271216483, -6.99594614412769, 1.1170676889078919]
[-6.092053211156225, -6.9652916530461155, 1.0762785589137907]
[-6.102510191855361, -7.02189785356864, 1.2203631615989037]
[-6.124725507185601, -6.748173591133878, 1.0006639411871943]
[-6.923787803785182, -6.5636087360893525, 1.1942514269637685]
[-7.017653379467036, -6.6459138207102075, 1.0701440481640943]
[-6.997023389987541, -6.520803937290427, 1.2019593242777404]
[-7.059287655942407, -6.6379423593035956, 1.1274049156134702]
[-7.239002220125858, -6.383471469903507, 1.1833138418208573]
[-6.633114121734271, -6.33462750416594, 1.2237048765355725]
[-6.70790029858377, -6.228536177943904, 1.1307852862245553]
[-6.303929344322694, -6.632561917921902, 0.8625480456220357]
[-5.575512107799188, -7.0659463681406, 0.5797304116349425]
[-5.648253700872204, -7.034198781765763, 0.44474458994072735]
[-4.772672823824551, -7.3598374163581495, -0.34934481490485236]
[-4.634111399448922, -7.50038391310708, -0.6150384973864277]
[-7.684869294048854, -8.025082666173068, -1.0067640264213629]
[-5.529925435599718, -7.366113521019185, -0.9939355087310442]
[-1.2152980788338845, -7.743328257493436, -0.8840254097370283]
[1.4116024494068933, -7.742536503767471, -0.7896482188956361]
[3.265979609337106, -7.669622179813196, -0.20687144470624663]
[5.35491069513925, -8.599189751235802, 0.3336836425130301]
[5.412539785965118, -9.15911986362863, 0.5338482143927481]
[5.694904716787278, -9.280953666551857, 0.6432548679800806]
[5.965181460539226, -9.499072952309502, 0.15220083927492656]
[6.9802926400471, -9.699601633178116, -0.3447890141224469]
[7.088050404166004, -9.315661543905795, -0.5026654405800947]
[7.934761683495823, -9.739408441621828, -1.1464376332018378]
[7.6383720735448835, -9.496526351780934, -1.2637176767960279]
[7.868018511172044, -9.131243126793462, -1.5548127366695197]
[7.9606678648547575, -8.870876181864833, -1.843077798579016]
[8.470457271127877, -9.013448014115284, -1.7372229332429487]
[10.868736834361629, -9.96802968245322, -0.6239467436957319]
[10.349007374782452, -10.477768703316826, -0.3541362479877701]
[8.923245176389269, -9.555633009948856, -0.791287800579227]
[8.623338045800189, -10.031443535629663, -0.25009653255090564]
[7.425757154590038, -10.787061360423476, 0.03677068880639306]
[6.786242071498794, -9.935669016001333, -0.7423247760701589]
[6.964870095075733, -10.806493545934712, -0.5998562433735671]
[6.6374012229088315, -10.280759402689753, -1.0786487767124522]
[6.351086031133298, -11.49366328108954, -0.4142535861776324]
[5.425645735167098, -11.212169233015068, -0.4536903449837294]
[6.229086439112799, -10.736496012320217, -0.698841160589454]
[6.6489290154305465, -12.278191126601719, 0.18100238218293194]
[6.224990085234147, -11.314729520110456, 0.04945208716143614]
[6.935133342956513, -11.148573797251341, -0.16051708096726683]
[7.315433970951965, -11.225590230393223, -0.28683838772932907]
[7.069030020438038, -11.223979970985553, -0.23401154221185885]
[6.409248527452889, -14.800663383393195, 0.5500239864433304]
[6.774346165423083, -15.98419820061766, 1.208364993026196]
[6.884731809849104, -17.422456984801812, 1.8881188254412262]
[7.647949704294365, -17.711726098484196, 2.0968490347623225]
[7.819572473733091, -18.001204240219884, 2.096849169742208]
[7.954168107612753, -18.27412956182748, 2.30136407639948]
[8.019214044549008, -17.690565395158014, 2.0469853434077936]
[7.795303803045567, -17.58531701792649, 1.9036984105457575]
[7.439853165438458, -15.695208243963126, 1.2016269163289124]
[7.653988573114085, -14.044619031346281, 0.2448566068218052]
[8.105175462203634, -13.05025930785565, -0.39236411868592486]
[7.796894543337765, -12.3256340770383, -0.838681064158169]
[7.535435555365616, -11.578855038969428, -1.407784054672459]
[7.358150480040349, -10.258025569269117, -2.7962111650190478]
[7.685538442787822, -10.355222921142138, -3.308229420976684]
[7.552681076914386, -11.076007636751877, -3.7123574442378278]
[6.851697797339318, -9.290786941078467, -4.753951569424116]
[7.764380849374352, -9.270392814420475, -4.968681134433604]
[8.268122778855128, -9.40959945373241, -5.005906382183526]
[8.597878136929168, -9.708743940535143, -4.773524959905639]
[8.03706073462895, -10.531893634456853, -4.730292555465867]
[6.767462543111688, -9.664444512120266, -5.146901100074782]
[7.1226417796664245, -10.01875238895016, -4.915565873422922]
[7.196648128135666, -11.05854775571267, -4.916335221564657]
[5.02697439643431, -9.306018288112812, -5.761606247131851]
[5.472052184650522, -9.312579607509239, -5.552218398971877]
[5.07132575916954, -9.038841997427568, -5.679113089035793]
[4.7903175013061, -8.712395999245718, -5.828944513136475]
[3.4607255719980667, -8.606102237956078, -6.267791020822142]
[3.0409671993758582, -8.656025585727846, -6.395812996397118]
[2.786237548784714, -8.750878190027041, -6.435418819922102]
[2.2901159328039844, -9.140843947786514, -6.493483117627588]
[1.4337511643337657, -9.842077127386803, -6.71656108034856]
[1.7596378233083028, -9.88227358155584, -6.8386755030977096]
[1.5083445939081397, -9.542918913299916, -7.059126479242253]
[0.9936222428284777, -9.591633310931192, -7.293751991447031]
[0.45300313319141033, -9.916964471481561, -7.716167236523402]
[-0.06579187162277003, -9.535469909566425, -7.6783733219188495]
[-0.031063712716804755, -9.615222846960203, -7.672319684793569]
[0.006722512812874798, -9.693134491803262, -7.729444278405698]
[0.3581415643038682, -9.812474686347498, -7.316037934434593]
[-0.011403713690126991, -9.536431149441862, -6.887488823044118]
[0.041657146054862065, -9.55857531784889, -6.538051253191085]
[0.4984880034916462, -9.501593514202735, -6.235464778378128]
[0.4973146929615149, -9.571162588656264, -6.09080352873713]
[0.2845981761242486, -9.325941189363322, -5.97490077938695]
[1.0552700802170674, -9.13061824157203, -6.051554493563771]
[0.7778247950273032, -9.081044127874353, -5.946890242031633]
[1.7615734637890441, -8.631126071340942, -5.214006148148244]
[2.2942903088609525, -8.81327075136883, -4.783494168670499]
[2.3346543670823054, -9.089658662976877, -4.084581756034975]
[2.1586860413389046, -9.35991322065083, -3.828565399579784]
[2.8974237615059955, -9.392903828499168, -3.7667844331890823]
[2.2038325661396096, -9.488422148738518, -3.6931861513384256]
[2.111161654924138, -9.606581091049458, -3.7295834852900827]
[2.084372239456512, -9.34568145717421, -3.81991015681329]
[1.398816597849545, -8.806022844148622, -3.955305230459231]
[1.6697875794051582, -8.813312050913419, -3.881649772053089]
[1.5916366745890327, -8.802765594657634, -3.740686235045987]
[0.9128554589490869, -9.063826494151114, -3.7575098906641378]
[0.5034464785733048, -7.9198774936721374, -3.629918818042355]
[-0.6232778076151084, -6.849214130853117, -3.6106275384244264]
[-0.9058305788068004, -6.265637696448141, -3.8361944255848823]
[-0.5041210466216869, -4.728153651447495, -3.818736785503631]
[0.10068603504546661, -3.555976566752903, -2.8050327194659586]
[0.8038220399929574, -3.613331095214718, -2.5107850362757835]
[1.4817836681096692, -3.464817643765146, -2.1952107445671145]
[1.979103417782544, -2.7093375050149886, -1.8780657899026494]
[1.9119104163213767, -2.2524611993388333, -1.81698084882229]
[1.275401259580852, -1.126604631615042, -1.5796478086915486]
[1.1185389812767352, -0.38460955266066804, -1.6904982153160284]
[0.6086547559873471, 0.9555630097921419, -1.6312678755432712]
[-0.4986123612761915, 2.424583521088122, -0.08289218889321202]
[-0.42202173593326114, 2.2742239950920173, 0.42611105229494967]
[-0.8483684184301837, 1.8206827789417284, 0.6850857061020054]
[-1.6787045388820538, 2.025584754411726, 0.8842100128626994]
[-1.2491465755733009, 1.6720128141861395, 1.1669123615972607]
[-2.191391321522784, 1.4379133590282065, 1.2516194903671247]
[-3.102458885256534, 1.415628529002629, 1.0874894002488102]
[-3.729533356071227, 1.2011665331949222, 0.9080451182939019]
[-8.28129653196834, 0.6159110165661839, 0.8790851591004024]
[-10.675085368436937, 0.30254372106441263, 1.1236030836441504]
[-10.740031208018301, -0.08167198266125214, 1.2516238500473165]
[-10.861689410643145, -0.4219627523198425, 1.4480447992694323]
[-10.558513017532329, -1.0670489236659988, 1.6677046235953426]
[-10.020436206711597, -1.4648140909565555, 1.7076446702785353]
[-9.456849625161842, -1.628296798083412, 1.6951913134033396]
[-9.345884862804839, -1.2469326122983109, 1.3491868928129587]
[-8.317660152975952, -0.15105245353346236, 1.3181499235817544]
[-8.338879044740333, -0.1920649666299401, 1.1152016354399419]
[-8.477310089561454, 0.10812044776665898, 0.9411120878107404]
[-8.952343297356403, 0.1064268303518884, 0.8254216434055323]
[-8.54584861471849, 0.552692003400779, 0.492504747177672]
[-8.321365695408215, 0.9312324260269343, 0.2347978020572601]
[-8.462566655297481, 0.760847916354559, 0.17100760676521728]
[-9.14253771929559, 0.6539923395680555, 0.24525475743618572]
[-9.626805096041599, -0.3261258800897173, 0.059904123570360124]
[-9.307079147228924, -0.33202795267132745, 0.3288887177555802]
[-8.96713104408257, -0.41536831184861456, 0.20517471777059323]
[-8.779322249535086, -0.544676519069871, 0.3589814289419953]
[-8.368333065371724, -0.5207066642256484, 0.31275287846934885]
[-8.223155080861382, -0.6906099418674277, 0.3929203358455584]
[-8.118080711269727, -0.5191612364160697, 0.6061265430364241]
[-8.201256297669335, -0.8335698170999258, 0.634134305929055]
[-8.632723074509483, -0.06778394150638055, 0.40094902240721497]
[-8.959218504846032, 0.16286547943012483, 0.34380061764023345]
[-8.259045258504115, 0.4222906676306765, 0.2778018083367812]
[-8.638206049377866, 0.3051660532297272, 0.14451243882657194]
[-8.411224365754927, 0.2982765626991964, -0.0715957434912902]
[-8.595900799696645, -0.003365999211431817, -0.09487167132483522]
[-8.99835564330296, -0.12290184326405991, -0.25440123539930054]
[-8.758976507366503, -0.4476867879401423, -0.3363606293181546]
[-8.313526309885095, -2.986894532375608, 0.986501195122943]
[-8.874539361741107, -4.026133637929488, 1.4144463472085482]
[-9.005507631114412, -4.481366005003946, 1.244613469253052]
[-9.444275541060064, -3.892096775676515, 0.8566397155523133]
[-9.367747836059927, -3.270299613099921, 0.9630586091075912]
[-9.618693047411469, -3.0552545528959616, 1.2011961159569984]
[-9.697737911917637, -3.252996142852648, 1.4151355396417964]
[-9.352324633573255, -3.316035443213287, 1.2975964856645845]
[-9.409697960943106, -1.8423566597616707, 1.0659720196055178]
[-8.461882455752155, -1.664652155475041, 1.411649849604816]
[-7.6127388629751005, -1.4148532345359657, 1.7136859095444694]
[-6.937082158525857, -0.6375039498697463, 1.773997006045805]
[-6.190477557973277, -0.22873188951455822, 1.7112733468792964]
[-5.391152431740266, -0.4695206898948387, 1.6348361490461205]
[-4.896344090434916, -0.7740450841164616, 1.511175972727561]
[-4.415598592632799, -0.4977309605810701, 1.5660995970836011]
[-4.176133771192832, -0.527538331499503, 1.2867298241475376]
[-4.623675122343989, -0.5108481444027259, 1.1067240856780813]
[-4.868784411229241, -0.2396930605040737, 1.132662052243769]
[-4.480866695429481, -0.09060548442071989, 0.9076986799525947]
[-3.323168860679552, 0.6801650392267015, 0.6000601578631817]
[-3.9271603743596883, 1.0446211829865597, -0.030067517188078804]
[-3.9708642775296057, 1.2620075553763626, -0.30245587150465525]
[-4.458101024584357, 1.9149431416700469, -0.6983797605684722]
[-1.3252674255156935, 1.2223872537229423, -0.930737070353191]
[-0.42706455314325636, 1.0921893326805077, -0.827256036576163]
[1.000880940691135, 0.8177390279538876, -0.9394774156857189]
[1.7932429442192719, 0.7462462892760802, -0.9765081950761625]
[1.8255786157986407, 0.8165480183035275, -1.0494203022303659]
[1.0485815877429876, 0.7955407642338426, -0.6916345997705511]
[0.6600139925955902, 0.6774080996067435, -0.33489443064276464]
[0.5611056685103778, 0.24669415876540793, 0.10549922942945586]
[-0.3631951156475324, -0.4795810771227284, 0.043721572160652734]
[-0.8334643990555045, -0.43035793090276636, -0.0856443698810916]
[-1.6128963564880714, -0.5800274430714568, -0.202973617522957]
[-2.6402534508004, -0.8668464628580214, -0.20468384614193805]
[-3.063426469239608, -0.9884716815649836, -0.09119211745201689]
[-3.7911024893956218, -1.149578767982744, 0.07188650799539656]
[-5.336374962450849, -1.7517998586998387, 0.29565961544934616]
[-6.44645823799446, -1.8328172265513012, 0.13474272968218995]
[-8.657641932266639, -2.445019002716795, 0.17906289654007776]
[-9.3461628152187, -2.4760222698935244, -0.019985465520571313]
[-9.981769975525673, -2.520201136213035, -0.17104044740221194]
[-10.715650816068443, -2.678773096009506, -0.013624133406430084]
[-10.109489224042598, -2.878771100460859, -0.179354084596908]
[-9.921903627185774, -2.5522288490747234, -0.2750576985839777]
[-10.670486346470877, -3.1322468972354733, -0.20619052004922303]
[-9.888583859115494, -2.9817561364721645, -0.31308280063249755]
[-10.403845161325503, -2.954372462495325, -0.07627249081294425]
[-9.91417597879682, -2.8228366376767693, -0.11159409259623718]
[-9.320723716327658, -2.6563767518281045, -0.1400733107794935]
[-9.128323428192088, -2.6290658153652555, -0.23569174802395754]
[-8.882447904940891, -2.938069023457672, 0.054128303084443746]
[-9.064686116571707, -3.0259865067887257, 0.1784829916337551]
[-9.664902267334616, -3.3259783693509246, 0.3855860584920017]
[-9.63943231393209, -3.1154477679080848, 0.415653704292012]
[-9.990716578748838, -3.9429716521296205, 0.5675980939793545]
[-9.451885342781605, -4.274747222296706, 0.6631782937032642]
[-9.186351792846697, -4.087080642698208, 0.6557991122216058]
[-9.23823907587597, -3.832695917510164, 0.6005385832139624]
[-9.502737278929207, -4.222969162660836, 0.4946752161165261]
[-9.740444404925924, -3.934650168671798, 0.23442687061076595]
[-10.311234238016992, -4.219936992908808, 0.16447990645419625]
[-11.024038888559517, -4.165124218122869, 0.1877823060111665]
[-9.469217154582832, -3.1121580430721805, 0.4110892931973335]
[-9.253154976454862, -3.33107494074731, 0.673748213229118]
[-8.299146605928012, -3.360307928452684, 0.7407094187113419]
[-8.972561394147567, -3.504850217066654, 0.45588149302233116]
[-8.799965314502717, -3.176200761189603, 0.2864224780026199]
[-8.94780742228045, -2.90213530126285, 0.24518880929740694]
[-9.025573373575616, -2.8174731467281764, 0.2682378221500682]
[-9.06713963281588, -2.7795127306980763, 0.29469980871775686]
[-10.7726287122184, -3.25070540620317, 0.5416331010805197]
[-11.528409865804578, -3.29448771799138, 0.4394312516045588]
[-10.614068945661977, -3.13695506679609, 0.7447478270510681]
[-10.610952636863866, -3.770263313892213, 0.8478533733675233]
[-11.311146188580326, -4.095489062407802, 1.1003974203080793]
[-11.689767415233156, -4.177213050145966, 1.389942767240396]
[-10.417942406092624, -4.63610405722949, 1.2795036083733644]
[-9.843913591250708, -4.440041999609048, 1.1868023941365715]
[-9.274828102485541, -4.55298932819567, 1.4591208510011775]
[-10.341207293989934, -4.710423442255135, 1.6304480333105777]
[-10.274764089766471, -4.719003849115808, 1.3871113825254275]
[-9.724850636787863, -4.334747529127212, 1.27531477992184]
[-9.796225300811741, -4.304121948765169, 1.3315934515928423]
[-10.037644929469634, -4.235618712754913, 1.2465477922580832]
[-11.633597422339754, -4.726534005465827, 1.4658589636200203]
[-12.458759579467221, -4.621184736421337, 1.8027652296460348]
[-10.967838682361624, -3.788925846524986, 1.6233760857236341]
[-11.489739151840153, -3.956744651085123, 1.4635224134504674]
[-11.990195385826969, -3.302854561170923, 1.4511864672346526]
[-12.649323680994415, -3.400130027431648, 1.3652749257869217]
[-12.572136059171473, -3.0382598290856206, 1.1424682110156066]
[-12.67106559039694, -2.760033030598446, 0.976609413668607]
