[-30.194740985751828, 19.257486154553742, 2.836247065512037]
[-29.9426371477786, 19.1459486290318, 2.7716643873879776]
[-30.132420319588622, 18.991670935825738, 2.715603522195471]
[-30.014371955102188, 19.156618482741102, 2.921229451220651]
[-30.432713994155304, 19.119368231216697, 3.0567509821546426]
[-30.350934353968825, 20.43369887808408, 3.7604433457782154]
[-29.444024469939464, 20.31215394880776, 4.343362369712881]
[-29.21854458599312, 19.994522146247295, 4.941128787924891]
[-29.71416076886629, 19.724142119178623, 4.488590214639212]
[-30.32698244299793, 19.501288399690882, 4.247328249911565]
[-30.65443195677322, 19.387541415174777, 4.131620072382435]
[-30.864687440776812, 19.27018994385723, 4.163235678874678]
[-30.30312618210518, 19.417590853299743, 4.261506171438294]
[-29.746202885302715, 19.939317682055268, 4.339867653424586]
[-29.254741635002297, 20.111407636290828, 4.405506674698559]
[-29.570383167835637, 20.189773463787592, 4.3184285872697785]
[-29.391997995088662, 20.298143696446424, 4.365732755010024]
[-29.290496393176927, 20.32304012029208, 4.4574059444252345]
[-28.739341398722644, 20.317206818461806, 4.565669940840636]
[-29.86468983504258, 20.273390337132017, 4.098457300387941]
[-29.591688498553843, 20.367143032774987, 4.107260769002898]
[-28.881957114763093, 20.452845756206724, 4.046546534364896]
[-28.667694601589503, 20.43287458165189, 3.8826447650505536]
[-28.401784997205695, 20.419926045199986, 3.961337888399015]
[-28.18504556873246, 20.32864338354799, 4.544690565106557]
[-28.427052503924752, 20.184999008867024, 4.574783455361561]
[-28.53835850589114, 20.228366225614383, 4.530275992634709]
[-28.280809377069524, 20.226946386262263, 4.433061239784688]
[-28.56088585545896, 20.07622560458131, 4.494406840759241]
[-29.80409126112418, 19.78313860867069, 4.043914520613862]
[-30.164965882757155, 19.68419797604659, 3.7823433186481084]
[-29.70578454624131, 19.846575616037217, 3.79550719787193]
[-29.72673691687306, 20.094775821241974, 3.794815793761599]
[-29.77009054759943, 19.788092037115405, 3.82263852378696]
[-29.150303925109004, 19.991039216981846, 3.9708919147976274]
[-28.7420632154006, 20.040318178353697, 4.304420525525056]
[-28.724475013075608, 19.967045857534224, 4.178790178585597]
[-29.2212364466388, 19.659016674977277, 4.255305951296546]
[-29.33924150046318, 19.595555210383157, 4.0546296379233455]
[-29.193064140024916, 19.470201952622787, 3.87831573104345]
[-29.389038197041383, 19.510216487131256, 3.9024637265862676]
[-29.289758609001066, 19.62260029715324, 3.751550282251181]
[-28.879066810487785, 19.480361469138145, 3.871465421031351]
[-29.01238931810831, 19.50531754165678, 3.7181198473597847]
[-28.778752167064265, 19.314390594951423, 3.8022294833935035]
[-28.420944776594123, 19.346605571185574, 3.8386456648133236]
[-28.771420567784098, 19.266728425943626, 3.9824898424590742]
[-28.627330645586344, 19.03927193720655, 3.8680694787313046]
[-28.841352184639753, 19.04557634167756, 3.9330889026689575]
[-29.126012107190025, 18.981110886319556, 3.8809686079571377]
[-28.235521426451296, 19.041592313434908, 3.954890825034163]
[-28.247000764715818, 19.0604985148543, 3.9175230021363987]
[-28.540356940993878, 19.2426077453414, 3.676264445636593]
[-28.08948137531905, 19.344473489131556, 3.8196233489597295]
[-27.992251134157097, 19.49291465573691, 3.8819697846870853]
[-27.949084595624534, 19.3048005151473, 4.0712243602344635]
[-28.427906025034467, 19.280413297588087, 3.6619266658841076]
[-27.896864920221013, 19.356857168456333, 3.790938547435494]
[-28.31185742037936, 19.00602983890249, 4.060054515374774]
[-29.188619277000505, 19.029971567337334, 3.8804291354173257]
[-28.591525311523657, 19.081800960489723, 4.1444364866884715]
[-28.390920048258167, 19.245947063419404, 3.934293310254293]
[-28.466203052250183, 19.24334118724646, 3.828929289717259]
[-28.840767242370635, 19.434834712221637, 3.671439467036818]
[-29.498422901414052, 19.22749672496888, 3.5794798125496743]
[-29.731144444383006, 19.060583041470025, 3.651748049941981]
[-28.99011164384542, 19.404752794066955, 3.7578179302118073]
[-29.51095332811581, 19.178825908018585, 3.61124437866218]
[-29.654282525822143, 19.122280647456858, 3.623896461124055]
[-28.506814695613386, 19.233267551172077, 3.641491893595415]
[-29.12455172408705, 19.26944234110564, 3.468495577644542]
[-29.039088756309425, 19.353155583665174, 3.3563624825727154]
[-28.912995232809145, 19.451887154396942, 3.2243230131963494]
[-28.806524817797158, 19.52808798335858, 3.2083258860393884]
[-27.62001529885285, 19.569698594898092, 3.413870859684016]
[-28.2826002685609, 19.622245641315523, 3.1508480777363346]
[-28.81272099860163, 19.61673882712541, 3.121649497048767]
[-28.82409645282482, 19.847476681040614, 3.021973230820969]
[-27.36290607050139, 19.788848117404136, 3.1967627634916527]
[-27.72161567267319, 19.791013114905073, 2.8333283815122146]
[-26.902359881509664, 19.548945656074398, 2.8647468745209004]
[-27.767167830204983, 19.27486810732693, 2.8158386591315963]
[-27.06702515584546, 19.208708784313263, 2.923568100774658]
[-27.44970695839401, 18.73819724079502, 2.987257179944759]
[-27.329569752430498, 17.81809425391004, 3.2366607563164362]
[-27.447903246216423, 14.260555798725749, 3.7754064583970024]
[-28.24027462411462, 10.913370169332444, 3.901604211682941]
[-30.47411831563042, 8.07192955273912, 3.6307786418519528]
[-30.725303140643916, 6.39501565175188, 3.253094677176476]
[-31.270757703721063, 4.046316629676862, 3.1728300967327354]
[-31.988840515601954, 2.8819992341845864, 3.1697714141366222]
[-32.68381087752072, 1.956501054968854, 3.0229320120730088]
[-34.49558252263614, 0.5905018945423862, 3.053297023065838]
[-36.5250050222524, -2.6933509710019434, 3.2796533602717823]
[-36.24413368246474, -4.1970491047265455, 2.912960324141535]
[-36.27478717767619, -5.919335289392522, 3.4278286960037545]
[-36.466814915307076, -10.142816566508946, 4.278614371172363]
[-36.195735193926865, -12.313555655943384, 4.41792107049394]
[-36.711415471922905, -13.422903275825078, 4.445455737362949]
[-37.794987707032945, -12.658423618759201, 4.581055476089966]
[-38.20476980240338, -15.020640481871355, 4.920291841969204]
[-38.923824635532725, -20.244707775282, 6.547002454966454]
[-39.48254553267503, -21.3703740214003, 7.040499776720863]
[-39.77679737523825, -21.633824835959356, 7.297317181302098]
[-39.836038566548325, -22.25165536334948, 7.422142399545868]
[-41.05114741556098, -22.739674123628248, 8.046887958589107]
[-41.7274544003137, -23.36870565911893, 8.666446974184979]
[-41.80085183563055, -23.545763413936278, 8.750443680313051]
[-42.324505088314474, -23.86631095937018, 8.763097061881837]
[-43.540867539458475, -29.054489474619068, 7.288015122809671]
[-44.55672779232928, -31.055311625677472, 6.442899389691515]
[-44.788127830254325, -31.672284888562473, 5.595140111810131]
[-44.77204912842035, -32.02712027272818, 5.22839662246325]
[-44.484535691164616, -32.34205419542727, 4.983944081206224]
[-44.59074662937704, -32.3716322682525, 4.984076723608102]
[-44.742494859601756, -32.61198102965982, 5.109545691082961]
[-44.69741192403619, -32.9853166338681, 5.507977379383283]
[-43.38313384955239, -35.36105152761341, 6.0774240462278595]
[-43.17215701625604, -36.25278225923062, 4.862868037587856]
[-42.40422792754259, -36.68008279033191, 5.010833488694421]
[-42.06102804471806, -36.54708833344995, 5.123517711235557]
[-41.90168697169261, -36.07986930983118, 5.628549525853016]
[-42.61044328706494, -36.10135962312023, 6.067267572137644]
[-42.61999429660094, -34.92845852584245, 7.2381780299282585]
[-43.111560852265534, -34.76761433853264, 7.940447517828523]
[-44.4522391703445, -33.993382867052276, 8.47415126416472]
[-44.93673638888327, -33.65270666877947, 8.945253780238447]
[-44.431714186616475, -33.50028548034985, 9.10864396929463]
[-42.91150882943312, -32.872240359030144, 8.786852054918358]
[-42.43039567693886, -33.03325368337256, 8.41614712260768]
[-42.08581583578211, -32.971466665334994, 8.761030753796057]
[-42.11690408106594, -32.797047632925825, 8.88862971408886]
[-41.9462649749402, -32.956961337685904, 9.037230619936786]
[-42.08914040002402, -34.130657648756845, 8.780902377335654]
[-41.30908042032781, -34.614752371085835, 8.063505876294512]
[-40.14306373807943, -35.38025378876181, 6.942791507617484]
[-39.95785999417643, -35.94519921427451, 7.0077639217142735]
[-39.96205596855311, -36.99257421603683, 6.913731131150076]
[-39.46877967162837, -37.54869029540799, 6.982043024487439]
[-39.546050582464225, -38.07679506499286, 7.393763351821724]
[-39.26832820420905, -38.53653477141773, 7.755396556876016]
[-40.70481512269538, -38.23236062980944, 7.454901058687945]
[-40.9127596857995, -38.606081733924704, 7.269191357010645]
[-41.44441924831487, -38.74268331153324, 7.28045792166428]
[-41.327486204407435, -39.22427698035543, 7.418061496310968]
[-40.97065323936126, -40.033405232081215, 8.458083212637707]
[-40.53672635137189, -40.36210345474098, 9.175137933211687]
[-40.92794582359707, -40.87072203223934, 9.603155885343527]
[-40.468754323838006, -41.52347671426832, 10.635257491718837]
[-37.36288690708091, -43.858024803647474, 14.201425377185517]
[-37.93718292510118, -44.1301666623155, 16.503905010856265]
[-37.92025920533336, -44.37611594680031, 16.42444550047291]
[-38.18382028027167, -45.35382100987269, 17.08649744731342]
[-37.673726832698634, -45.568872777872606, 16.76491771746409]
[-34.998371282445056, -44.941298786236324, 15.015701787208494]
[-36.17290496537114, -44.49182563438056, 14.802854579711608]
[-38.156350561958305, -44.70014414223672, 14.887816960117672]
[-37.723216747105695, -45.654113367707524, 16.14198913340504]
[-38.240045682865784, -46.13818526162742, 16.717803919052162]
[-38.80798296511508, -46.450898845901776, 17.063497662906105]
[-38.681778506043514, -47.034936778691296, 17.13062013636148]
[-38.80753814024601, -46.54883791569548, 17.69354490875131]
[-38.78411819499294, -46.41876267742052, 17.769239544370205]
[-39.02677780714593, -46.40735388127035, 18.162905622192955]
[-39.10910226110532, -46.70266325543599, 18.450451833283356]
[-38.710621755867415, -46.67982061316532, 17.877461154914286]
[-37.98977290646017, -46.83100485448573, 17.56060319661067]
[-38.39924918620178, -47.1513227234264, 17.438735634467246]
[-38.59296442806804, -47.196820081342466, 17.232566252818525]
[-38.69319125181162, -47.10484272560067, 16.973669208603877]
[-38.784501777942914, -47.113122480406034, 16.21824823728094]
[-39.04785364668802, -47.18522679077209, 15.728571701716946]
[-39.247270496883196, -47.30858175708183, 15.55040678031446]
[-38.87827119514778, -47.41584226038475, 15.372364252193309]
[-38.809893111316, -47.16231610482904, 15.615611232214386]
[-38.81171652515062, -46.742695039579715, 16.015967709286375]
[-34.95227669172642, -45.740776841236524, 14.413393890652012]
[-32.97491696300582, -44.52187316974405, 13.204253191397086]
[-33.03258385877228, -44.773800536306844, 13.327196821238946]
[-34.28991631017362, -45.018689860713536, 13.831153554642235]
[-33.861822658899946, -44.7467694301091, 13.803190307612411]
[8.652123470727426, -1.391363641866329, 6.816513669042339]
[7.702555787510281, 4.061900973557263, 7.339246751749375]
[11.03142101220621, 4.505685412169484, 5.975431871087929]
[14.427467448373948, 4.03377686644211, 4.5314344932804635]
[21.851144320510432, 1.4416986604654967, 3.7545594919533727]
[26.435766744505436, 0.249502190665429, 2.1388025439962774]
[27.028832586841542, -0.6525692194287823, 1.3415746107897082]
[26.537642680131288, 0.46804975004675714, 0.8490778700584392]
[25.98396223651144, 3.2335497733402976, -0.20813690235836327]
[24.382834062210048, 7.880083249370479, -2.2060449515204885]
[24.519453627751844, 8.739635217397327, -3.095183383460047]
[24.214547743751663, 9.240498964574213, -3.3497051940893776]
[24.01902845760542, 9.783675962763969, -3.754060243611012]
[24.299477394062077, 9.870920195888758, -3.8865881406701495]
[24.080908117040362, 11.147540195498348, -4.117260268167208]
[22.86679491025128, 11.860657274827194, -2.7783272735254814]
[21.755308819440394, 12.940925919820643, -2.4987925963625157]
[21.717353617889128, 17.90240828675209, -3.131495036825325]
[21.50189273682529, 19.15139257015439, -3.381151255268552]
[20.659979705631716, 20.23310306194069, -3.614572369230281]
[20.270399142929456, 20.832662158784736, -3.931016003796404]
[20.805830699156466, 21.150949974221128, -4.162381008720658]
[20.027926088235564, 21.082871040849014, -4.2027863663385245]
[20.17960820363585, 21.355325071223877, -4.081540741340887]
[19.919826587336125, 23.340844791959192, -4.750699205673018]
[18.556734241672046, 29.41465432302352, -6.852427177951936]
[18.313385614577417, 30.082656165445872, -7.735603515177943]
[17.221296804880545, 30.734123752732437, -8.512958358269584]
[17.178472935081366, 31.048479790522624, -8.920257433657264]
[16.836630549369797, 31.71702676274565, -9.26899143257856]
[16.84311881235801, 32.49924663810237, -9.432166866758468]
[16.59529638311888, 32.83583689648387, -9.944304863213427]
[16.405521899746944, 33.551721890870404, -10.725285553755224]
[14.936881186794661, 36.47778566915865, -11.002884817097366]
[12.174739304485243, 39.56561997715052, -10.816267563172815]
[11.992452067827019, 40.04880334982045, -11.08245013391194]
[11.867862622557661, 40.136398032808636, -11.053451604708926]
[11.936135365576138, 40.44373330640064, -11.420575304515113]
[11.720082224853968, 40.69755926602161, -11.30166379388879]
[11.694259182714562, 40.630242369894816, -11.43352638124562]
[11.59328189336372, 40.832348336035835, -11.891490734000767]
[11.82240686298633, 40.89863783673867, -12.755151710116015]
[11.146559214067802, 40.87756714592415, -13.01788159510077]
[11.19344650007941, 41.09546642550164, -13.049088832762934]
[10.782180506213297, 41.00352420613763, -12.966603725338523]
[10.84100097395868, 41.13028423663761, -12.936463351123622]
[10.157708149038934, 40.8986895702429, -12.128270135192821]
[9.690470325270265, 40.953133871638904, -11.28808177434691]
[9.16689696334987, 40.79764794047406, -9.857555588076249]
[7.330873792693352, 41.156559558552104, -7.572252860907224]
[6.394403713497664, 41.11517532672979, -6.8037259392052]
[6.057069888876535, 41.15111408169912, -6.447890126182511]
[5.414792239436667, 41.24799818402251, -5.9362454876700514]
[5.088180496357935, 41.21154805937704, -5.627483873941249]
[4.500902292762898, 41.29068141856395, -5.21744976760514]
[3.594136644433856, 41.08834941677935, -4.388251093216101]
[3.67704598344417, 42.04384189246343, -4.613519817805617]
[1.7943718959711803, 41.93428556813426, -2.8442771993728453]
[1.2860979836794213, 41.859619260747884, -2.4171818666229985]
[1.1434461192518088, 41.83368595460778, -2.119096687379514]
[0.77386308266315, 41.96537189750912, -1.5827205692895094]
[0.563912973156789, 41.742467392782714, -1.2842340781747905]
[-0.32810312281624665, 41.664127255197364, -0.7825062086192222]
[-0.6759070980502079, 41.58671297410361, -0.42535556319160384]
[-1.323697816473379, 41.51985833037851, 0.05276257478458065]
[-2.1398336455641576, 41.085729757114734, 1.1842871379005153]
[-0.058114704137694186, 41.183112156261785, 2.7662706567459687]
[1.1533337097527208, 41.65917946849453, 3.618793321045881]
[1.209852929239796, 41.65042689517278, 4.050175383678291]
[0.7552308909708195, 41.47551575140025, 4.414185954591101]
[0.3323477106355552, 41.646358444637244, 4.841830199242061]
[-0.20097615934697738, 41.29321932065098, 5.471000508751113]
[-0.7229600968357985, 41.2023988820643, 5.801079670076906]
[-2.171449367301782, 40.061486370306774, 6.294308232142818]
[-2.496229652605506, 39.74405381866529, 6.199105814447688]
[-2.7287453870411698, 40.00273661702148, 6.386793335762725]
[-2.577386192032425, 40.042894504304186, 6.370908710091986]
[-2.744232540937463, 39.7756879105821, 6.355253909758732]
[-2.6669842736881604, 39.72991232214284, 6.387808452341081]
[-2.9316020123814774, 39.310790933435975, 6.66644077486053]
[-3.164942763743843, 39.04658302324173, 6.791427551424733]
[-4.437495037890852, 37.82917768965411, 7.117471043850337]
[-5.169851543788556, 36.95803026447089, 7.129765793651367]
[-4.811628122935057, 37.05839529384325, 6.971475785384268]
[-4.895341121488988, 37.335535652811664, 6.945459219791781]
[-4.8165193475037515, 37.866602458536654, 6.854231736180179]
[-4.698095405347491, 38.160705780587925, 7.111235365922253]
[-4.959589526894248, 38.254893108182955, 7.02253795805382]
[-4.928218385649511, 38.29948251417082, 7.067418564734174]
[-5.22183000510894, 38.09936971895888, 7.177267171987274]
[-5.689159256212832, 38.07766115096951, 7.195846548255954]
[-5.370197531354041, 37.81839606611344, 7.227159095325346]
[-5.780838020949567, 38.06123780723831, 7.151429091241461]
[-5.33977464384788, 37.98319802427234, 7.011362613590435]
[-5.401859834990285, 38.319382386639056, 6.91179542559764]
[-5.5638116245593165, 38.06673222426321, 6.913331291226815]
[-5.620242762242195, 38.036517453290536, 6.870757432534696]
[-5.030959015537725, 39.17187955193241, 6.000292334656306]
[-4.65053348981923, 39.2756973311475, 6.104905259580563]
[-4.3640130592719695, 39.65072753763759, 5.969833268105684]
[-3.8645325823146557, 40.764193573037666, 6.0953287387655894]
[-3.6426287809884936, 40.971985499665685, 6.033776284378928]
[-3.3971306867390965, 40.86400273231928, 6.056242283767919]
[-3.5253286842582443, 40.888643289574375, 5.829896281203703]
[-3.295848333576611, 40.86242864815606, 5.696093098163574]
[-3.9299422484623534, 40.53236591899264, 5.581859556527182]
[-4.23855609747252, 40.44861048013019, 5.379083581074322]
[-4.17571157091225, 40.2401662115394, 5.7282298757731915]
[-4.301523911905758, 40.13974594291811, 6.054793125552738]
[-4.439157214530078, 40.181979128913135, 6.444748825720255]
[-4.5153553506218, 39.983219866142214, 6.385428948062477]
[-4.481833887189214, 39.46764558794955, 6.415435501954813]
[-4.354193470599779, 39.30477866251276, 6.557757414934362]
[-4.52019513594172, 38.456904148133404, 6.180688037743178]
[-4.451677883691955, 38.220743837488264, 6.130091867168504]
[-5.874402315535411, 37.70776689885282, 5.962396883323014]
[-4.886658449071469, 37.41289531311555, 5.945362741798569]
[-5.943360487730738, 37.15229619525106, 5.994223820226462]
[-6.2558917455402625, 36.717705663894854, 6.4623433467078835]
[-7.61267470374786, 36.34056427844893, 6.677177549697016]
[-8.663024793369665, 35.690185944264066, 6.6779911707238915]
[-13.877125007925267, 34.70835662264226, 7.355691417517724]
[-15.35668833556511, 34.16030907055162, 7.663512110602078]
[-17.193522655126078, 33.673846495740136, 8.092203149719316]
[-22.159817014694905, 34.71997501481024, 7.272511842275477]
[-24.78104948291498, 34.42360375313907, 6.661567690129966]
[-33.18999241975321, 35.631886346698685, 4.612851403982263]
[-33.870334843305876, 35.116340919603225, 4.113346472271791]
[-34.341680930436866, 34.80339096209424, 3.963195118200509]
[-36.39728574994771, 31.968727485417844, 2.6842316611771904]
[-41.84811744474353, 39.29566014357069, -0.5514309018316168]
[-42.223442100069654, 39.885146753388454, -1.697614030522441]
[-42.7077009805276, 40.67704770961725, -2.330147443184374]
[-42.5492387400135, 41.008186228288004, -2.48431991536247]
[-42.54618406865475, 41.34525673936355, -2.4037394603832323]
[-42.51595993910957, 41.82175713955575, -2.6198314741041853]
[-42.19164875716184, 41.77266009598265, -2.75594407511662]
[-41.179930780808974, 42.535949610406405, -3.443428856085421]
[-40.826192271366, 42.987128034024046, -3.7199094311953655]
[-39.88296329005933, 43.33572085557201, -4.401906965666797]
[-38.760927011287166, 42.8294601835643, -5.494877854577723]
[-38.41516975140022, 42.23317843705833, -6.621028964822091]
[-37.73252676934471, 40.131368031561024, -6.801964042276328]
[-37.73130354909274, 38.74149074881343, -6.949458129595668]
[-38.013658796068775, 37.59150637333821, -7.0487973733015545]
[-39.133796162138786, 30.532081105048434, -9.333457953239577]
[-39.280325380383594, 25.354315364752605, -10.50958080857424]
[-40.230531948312944, 22.122464292412854, -10.95753001517362]
[-40.50059775775883, 20.834081993689427, -10.297751604299602]
[-41.21209959482935, 19.45151065925449, -9.790034873368551]
[-42.196839582584055, 18.097866163365435, -8.359370987766239]
[-42.497242814623746, 16.98985152669286, -8.181455458613005]
[-43.26251031886044, 15.928221528022767, -7.793700728510975]
[-45.22647710501377, 10.501024206260452, -5.78765671836487]
[-46.434274873355555, 5.574684933362407, -4.865987044634921]
[-46.149817965935114, 1.7358418059019, -6.077652720816318]
[-46.97564975562076, 1.6405629051700366, -6.696719359543042]
[-47.215554067663454, 1.7559753836060639, -7.236125773613217]
[-47.421581155948054, 1.5147248714495887, -7.579054729523455]
[-47.635900717859165, 1.6118067179163715, -7.761972008106314]
[-47.12645963500804, 1.242830841147113, -8.416496538364637]
[-47.05644226837311, -0.14955259704950105, -8.426143253993034]
[-47.578648619784566, -0.5646605693758612, -8.246225236294649]
[-47.78697063814952, -0.23334416648694087, -7.814936987460856]
[-47.439580986010114, -0.8456019759407252, -7.395106916116293]
[-46.860432901533436, -2.901882418679966, -7.353753607909344]
[-46.44670839153008, -3.384168407548453, -7.160367989288164]
[-45.97475971373177, -4.172226139914941, -7.0568317609561815]
[-44.6467272440334, -5.66172657942506, -6.963870914661742]
[-43.674799826761884, -9.303221026744609, -5.792515879133156]
[-44.31708523475792, -11.057132867006947, -5.593016322653008]
[-45.76221103567831, -13.79694794905353, -5.141135191678044]
[-46.76435983706561, -16.84710670481641, -4.80176561892989]
[-47.51970862538108, -18.464725347041952, -3.9654500082128106]
[-47.59932058949107, -18.677823318039717, -3.982762378916733]
[-47.234155251358914, -19.67904453286072, -3.9469792890077646]
[-47.46593467990827, -20.437104964633605, -4.1337889598921445]
[-47.91152388711628, -25.257776338719232, -4.818186242061457]
[-48.242219701227, -27.155409277288662, -5.7794130045182435]
[-46.824286012639405, -27.126642947498357, -6.098888845846537]
[-47.36302624951277, -28.210991263475247, -6.0006267471807275]
[-46.88674682827009, -28.418955321529804, -5.539072421659357]
[-47.34280381071024, -30.190854101393807, -4.098258045547804]
[-45.9239080225401, -32.30186031590537, -4.286082844969107]
[-44.93281602090597, -33.87215500844818, -4.689164163596269]
[-44.556550825505035, -36.42878458203874, -2.173081971650997]
[-43.99718167116181, -37.3930354255137, -1.0713090361802895]
[-46.41655487982604, -38.36292963614185, -0.5951254247382755]
[-46.11429988160701, -38.89187794157556, -0.0938062764877257]
[-45.39638394247467, -39.01856787761443, 0.38552084328580855]
[-45.464652065142076, -39.64507479839123, 1.3318790122871567]
[-44.20275307301188, -39.5954665650381, 2.012875957810551]
[-43.593311637774526, -40.03816890983825, 3.1736054072699416]
[-42.48063417263596, -42.03894319152694, 6.0666036407895465]
[-42.35446925980743, -42.49469014952161, 6.955784945838576]
[-41.638977288686995, -43.44308018166379, 7.620593383447607]
[-40.99134451352568, -44.1051480013824, 7.88115535430023]
[-40.101387944818974, -43.91562590059963, 8.54164479408993]
[-39.09712431989405, -44.963099702023364, 9.970033423076933]
[-38.247509769591026, -45.2919097126121, 10.681054966370285]
[-36.718067396594215, -46.82713072120692, 12.237462257669508]
[-31.128283757607484, -46.140153138311035, 14.886676268006658]
[-29.207881112857496, -46.556581883477314, 16.755069383441036]
[-26.196355071905916, -45.60746891351504, 19.68739136547264]
[-24.76419682573339, -45.75298281710288, 21.234840391345628]
[-23.578801240504124, -46.95683060893743, 23.75809928250872]
[-21.014182868206802, -46.57595501889902, 26.507300743710527]
[16.874922709919538, 12.812055444437856, -0.6173437023911936]
[11.416736431086331, 31.657484963702444, -3.9169458245632973]
[8.236827725646085, 43.49321034830553, -4.3487807374646605]
[5.376534063252845, 46.2796177334019, -4.147683195437231]
[6.269338795739909, 46.5000227373405, -2.593656790169228]
[6.147138627659468, 46.59112833422401, -2.0729912330890534]
[5.5987133994178215, 46.63859232073191, -1.947246471296511]
[5.244631126751508, 46.38328955297631, -1.452423893662074]
[5.155712321518903, 46.193595289950295, -0.7352537440137437]
[4.148648642008614, 46.124931022609, -0.5732204977569106]
[3.763628263695234, 45.8897272567529, -1.8144362064260429]
[3.7337580410944797, 45.67202444039903, -2.1662713107609246]
[3.124387539527752, 45.77880953312626, -1.9113971480018281]
[2.642624113629909, 45.77580031742344, -1.6161248572464637]
[2.4753067722415856, 46.166725510292565, -1.1898961739367386]
[1.7954400106400568, 45.79848198029542, -0.7000522808577153]
[1.213047584069319, 45.664147797812284, -0.05559236856463449]
[0.5227222699987045, 45.801654800092045, 0.7295825381959893]
[-0.9769235252696243, 45.339653862200095, 2.837684850883889]
[-1.2993321864052132, 45.149093103638776, 3.365988333761632]
[-1.3987662128575495, 45.41581831420847, 3.5848815925635185]
[-1.9357824566355517, 45.16306113359422, 3.6751777653020623]
[-1.8223149750767391, 45.07167011431613, 3.708663652955711]
[-1.7793832686448217, 45.12767008139984, 3.9883019329144513]
[-2.033493219101117, 45.15753341797157, 3.9203262923354845]
[-2.1737545903130466, 45.243772646714405, 4.006133256437855]
[-2.5070876302512106, 44.91243104070864, 4.383390351601929]
[-2.872084772491128, 44.526931921432315, 4.927227423147178]
[-2.9718845407947465, 44.5458231661103, 4.935234693795529]
[-3.2494957640271305, 44.338289674830484, 4.989048117301475]
[-3.015937164004688, 44.40797919712977, 5.156162449402286]
[-3.0305294597724357, 44.333514005038786, 5.179588260434188]
[-3.0528806930525367, 44.51847711256106, 5.098539586088078]
[-3.11211238212261, 44.46673338640568, 5.26821295142631]
[-3.4829650585944534, 44.382434615747975, 5.356717815815191]
[-3.6521983293750737, 44.55228392757753, 5.61643069188829]
[-3.8326861315662937, 44.66202566077827, 5.711300978356722]
[-3.7613738959313148, 44.554449903794676, 5.855033584004282]
[-3.6034239873382194, 44.40501449453967, 5.972045332488816]
[-3.617737796835274, 44.39671472880289, 5.969653165620824]
[-3.6065764271405034, 44.32470378260715, 6.350830700230145]
[-3.732780646122004, 43.905793694046395, 6.4258314442875815]
[-3.388847048329656, 44.21122872803191, 6.6921070880309195]
[-3.485341244135367, 44.200288801834674, 6.580153938908351]
[-3.503047793270674, 43.99122152841965, 6.544483833923507]
[-3.6935526191507426, 44.03029091773083, 6.648284581721219]
[-3.8914353204864947, 44.00012036068415, 6.613869738178989]
[-3.9674950637636366, 44.13068399642469, 6.644265439905132]
[-4.3714764074340655, 44.25007717653675, 6.640884697234905]
[-4.64796161831221, 44.36757951412229, 6.655263609580919]
[-5.175538127902411, 44.436178469542774, 6.759458993109136]
[-4.31425366221352, 44.03374659850636, 7.406182071160968]
[-3.56761012540248, 43.768745799003504, 7.587666627791593]
[-3.849359446178702, 41.35075880973929, 8.068614376479433]
[-3.4191698254355396, 40.542706169279036, 7.811854453547145]
[-3.086508859804912, 40.597911147476374, 7.426774507778982]
[-3.000892536127712, 40.473157179566705, 7.2444543330350175]
[-2.9841035087482903, 40.54760455971528, 7.471749375863902]
[-2.466616017244369, 40.486137867137394, 7.571300341736797]
[-2.3813661752320723, 40.073358689304094, 7.5629958859077995]
[-2.209425040876095, 40.02778238899101, 7.267781205426256]
[-1.8794625598752939, 40.14204492438129, 6.631147763564276]
[-1.5397043821042822, 40.1254800057716, 6.650506334037122]
[-1.4790095735473348, 40.17379056279069, 6.803143415400513]
[-1.4529846436051423, 41.98281162270844, 6.389378019212447]
