[-43.58938072863025, -15.838353423732071, -5.058962625837054]
[-44.674118355896375, -17.123837102626794, -4.779215743751988]
[-44.606105333276965, -17.59893092353958, -4.29202241242964]
[-44.073819341777586, -17.996904715914877, -3.9577895091931206]
[-42.1355313428012, -18.048359484028914, -3.527400417057327]
[-41.534016748603925, -17.56011789216212, -3.246266656992135]
[-41.28333638019989, -17.659554714128223, -2.8859488864113287]
[-41.22458574500929, -16.97528378417728, -2.308342725038627]
[-41.385481031639785, -16.57478781148844, -1.8604364050575162]
[-42.43406069292479, -15.718391669954883, -1.845673749726046]
[-42.7559874902593, -15.298552932217708, -2.0352640140413047]
[-42.57683514047925, -15.574217647741882, -2.482735910989001]
[-42.63355658079068, -15.408104124405028, -2.769536662440791]
[-41.98993195596797, -15.011716434963253, -2.6390209442992996]
[-42.0032758063654, -14.926693864125065, -2.8530438649044587]
[-41.16951346996205, -14.389926572153113, -2.336193262062285]
[-41.02110593049167, -14.07202746446977, -2.361758616078726]
[-40.25605391087933, -13.63078860621174, -2.707849367456288]
[-40.10997945487292, -13.38395559512893, -3.095944528192217]
[-39.64585311163066, -13.480873632551566, -3.607479313540133]
[-39.855516390523285, -12.829728715780996, -3.0713820395429505]
[-39.62415396000981, -13.176815346828908, -3.38482267835264]
[-39.514644915239785, -13.365050903720746, -3.6521402244199224]
[-38.96834101257129, -13.388521790195568, -3.795954762579545]
[-39.19434078164336, -13.3260065377183, -3.7156481639898504]
[-39.201612655288095, -13.350554609427748, -3.286353942737532]
[-39.48351533971488, -13.072734265712294, -3.3315522039306753]
[-38.74182695623244, -13.353231688908423, -3.0907740864235405]
[-38.88691857524204, -13.3610486268631, -2.7461651199417]
[-38.68035652785105, -13.520704954108412, -2.872144838253565]
[-38.442780867241034, -13.452657484902995, -2.9586731086305824]
[-38.14737233140712, -13.45871354768292, -2.8762311847186717]
[-38.07256031756928, -13.29222587083372, -2.712532693070309]
[-38.00539564152239, -13.79160731957246, -2.5507273566689967]
[-37.915188879189394, -13.751210030363472, -2.340012230088343]
[-37.81406933652396, -13.605695967663959, -2.2278277760391725]
[-38.156371381450526, -13.566249594743441, -2.0042246526018404]
[-38.26983941378463, -13.666993382992745, -2.061840223704352]
[-38.170351205799534, -13.659429652674383, -2.667474869911955]
[-38.44332150309151, -13.337135601995751, -2.5670210017843313]
[-38.17393157460331, -13.566917356847723, -2.6427364695266924]
[-38.012332370290736, -13.943976546119789, -2.689782528210446]
[-37.061253720940606, -14.015633013568307, -2.5761518330165933]
[-36.933636002872014, -13.78975524443776, -2.469374079296251]
[-36.46058510555231, -13.679561017644401, -2.5596980963217706]
[-36.09918552457606, -13.548083635669142, -2.8290071431143713]
[-35.331502471530975, -13.475472818196765, -2.4972157973766507]
[-34.51296782193177, -13.650813062946986, -2.496184786046807]
[-33.87276787746075, -13.798523580658456, -2.4287838874566443]
[-33.22599430778104, -12.995537413131066, -2.5382828863733002]
[-32.836116412389316, -12.735845024779078, -2.4706469959869497]
[-32.67570472641376, -12.75135358379182, -2.212386609205824]
[-32.70719694879663, -12.237077522682808, -2.6435671322155287]
[-32.46336437611512, -11.996691008358422, -2.8356273073758445]
[-31.974095105226244, -11.600307424780006, -3.2631351421122288]
[-31.55128554243947, -11.607365360323765, -3.1820312072073635]
[-31.034553835253362, -12.084400406000983, -2.660900266859093]
[-30.119257709443197, -12.416445919749917, -2.4151557493603115]
[-30.379574697522628, -12.620209935852861, -2.371722843238236]
[-30.705624727462588, -12.610394386810484, -2.17197085109082]
[-31.091328574573247, -12.648568221385283, -2.469852642896358]
[-31.42893311118909, -12.631999118026032, -2.472875350271587]
[-31.416371096791288, -12.212635881804664, -2.498904933802889]
[-30.86978759259848, -12.240791289252405, -2.497040973850979]
[-30.86922204818467, -12.214796070610596, -2.3324878627030703]
[-32.494636347498194, -10.951745895756602, -2.5753926974455115]
[-34.32296692449792, -9.79222851442858, -2.382419575996719]
[-35.12664628941242, -9.025045850886007, -0.8348522849995594]
[-35.910961677787434, -8.971330893300095, 0.06792274801533243]
[-37.46291523165752, -8.336346943955732, 0.1606023462397973]
[-38.491943418571964, -7.986684947785322, 0.2318373032117686]
[-41.402244293072656, -6.485249649980749, -0.6765496518208036]
[-43.76292696234993, -6.235759216931294, -1.016877628000574]
[-42.210146385366876, -4.892578624204598, -0.29700034808587916]
[-47.48853048543151, -1.2902120609843302, 0.8172213567357929]
[-54.19890388975195, -2.2700421887728175, 1.4417988347241837]
[5.2191222230566945, -8.416254571418506, 5.821810366281859]
[8.343650583221441, -13.027171756230775, 9.126371458845442]
[20.371465133019097, 3.637458644758357, 29.24920802658894]
[19.27281489598857, 2.7579446104161836, 33.07509872305359]
[11.582226544602959, 15.271253937781204, -1.0952993949595453]
[13.365828796981416, 18.839474433277562, -2.5732127033938497]
[14.469609321532419, 19.158153243676423, -3.1068923697449313]
[16.447399234108662, 18.274901716502228, -3.6397054745033883]
[17.876304158189253, 18.43982510191319, -4.328543999257564]
[17.939561928919087, 19.018493470922675, -5.18711479236853]
[18.19825606233415, 19.693381163267603, -6.014136591969556]
[17.812653063650917, 20.677384729940655, -6.896142804716572]
[17.805265546064543, 21.816931422089993, -7.985252891639828]
[18.819218689396347, 24.40675818170787, -10.743454499517782]
[19.058959472545858, 25.454260097137638, -12.417170884268387]
[19.42702578252387, 26.26562621460498, -13.631194429933894]
[19.536687186858952, 26.53203012327744, -14.499720490756516]
[19.323167849342664, 26.981800151020664, -15.291845504518957]
[18.52785184541724, 27.28918414183702, -15.695525200278551]
[17.672106710420472, 27.830039479755655, -15.84332592783579]
[17.076904809006507, 28.225306730888423, -16.209762397327598]
[16.684988920578167, 29.650756926477804, -16.7926820122046]
[16.386476417020805, 29.95845844009142, -16.934738037310634]
[16.13228423086861, 29.986310877007785, -17.406219222039468]
[16.098456760597326, 30.406585242931857, -17.841694967696377]
[15.79472115786939, 30.84236405977664, -18.49054312515738]
[16.148401496672637, 31.109930512931733, -19.007058912363124]
[16.700339674167566, 31.403226316632097, -19.5363112417498]
[17.004888133387436, 31.857204768800184, -20.240087776491162]
[17.231062273783817, 32.788670269823, -21.847428003922786]
[17.965873991748094, 33.814423984946316, -22.921729372466878]
[18.742433567834702, 34.38738627627659, -24.204031077034866]
[18.52147099613482, 35.057018993602085, -24.84335295363774]
[18.816041578349754, 35.547861652901766, -25.34204480766752]
[18.354271791062054, 35.865221426598026, -25.753791011510252]
[19.469714232451768, 35.88356704024901, -26.059004846415377]
[19.30834813596742, 35.73846141228442, -26.38183254508954]
[18.897110840757865, 34.898349666214216, -26.692123471150673]
[19.045075452490604, 34.98351725413172, -26.482667857215677]
[19.17446211638684, 34.37976147982124, -26.23760052408233]
[19.698920673612793, 34.476281237723285, -26.338662684479726]
[19.275799590751106, 35.342255433149745, -26.147256435183063]
[19.405228840972594, 35.54492303549566, -26.11280448637971]
[19.133317050095513, 35.89719611612499, -26.410748057385398]
[18.709434760960864, 36.789674638790196, -26.259225992886776]
[18.790170305146244, 37.41020096156256, -27.194574653224656]
[18.98624752514175, 37.79775183481009, -27.91117965890083]
[19.665420351557948, 38.35278799154222, -28.044575295494095]
[19.62006150362652, 38.831507401089254, -28.065718381985068]
[19.485479202838334, 38.78210572681589, -27.945356723556326]
[19.090863537742884, 38.918731155672354, -27.818740213785897]
[18.820900853755195, 39.4862121706325, -27.270983839647716]
[19.132191961581878, 39.78252959492357, -26.97538516574404]
[18.30370944520953, 41.49756000117404, -26.24071709760522]
[16.06047838521094, 43.36292720688477, -24.458891962905962]
[14.709256158598926, 43.601816353837584, -23.891144449988523]
[14.409504403546807, 43.65264885556347, -23.56040873933604]
[14.11302576821523, 43.82444654486342, -23.092669916798556]
[14.0163682625891, 44.048612488379874, -22.310248519665144]
[14.646669719276428, 43.75191397545337, -21.458718619229774]
[15.288144892338236, 43.644132342099915, -20.54603688122245]
[15.588987459146155, 41.955968997922085, -19.466975886532936]
[15.30412862689799, 41.56580055004248, -19.43926861202283]
[15.21479947930668, 41.628657807875385, -19.17981237263085]
[14.88801664767159, 41.303076409700616, -19.2075543352368]
[14.625797294083304, 41.27710391352109, -19.173298269000952]
[14.457828386477614, 41.894597369006995, -18.62575562589122]
[14.597407223884439, 41.89107659530039, -18.31408887822753]
[14.247683420428618, 42.09692522945728, -18.092192105503113]
[13.853584089348983, 42.13877446927588, -17.249793459013258]
[13.555423567171811, 42.07141264256319, -16.62420990644364]
[12.468429061913868, 42.32956897625033, -15.776959454238456]
[11.66352617286138, 42.90681651886601, -15.065771368788708]
[10.53063870847932, 42.54406793555362, -14.683915121609047]
[10.52075135214684, 42.85651281091846, -14.944368301098244]
[10.644684866638942, 43.29017006879049, -15.039930278756424]
[11.490200655578803, 44.02076078088683, -15.743617407691495]
[12.33413762316612, 43.154318910659406, -20.521065220539114]
[12.429646074395734, 45.431847988928226, -26.412238234198544]
[9.588085768320465, 46.09970477963378, -28.047465665839347]
[9.854760353749112, 46.5263389480474, -29.575209681413828]
[10.860611523476797, 48.53067006158297, -29.35141661894423]
[8.335553958823601, 48.816149227191346, -29.008418097167603]
[14.046705909761377, 1.1606772623867665, -8.741978648135873]
[-6.229327221704318, 1.3961950305586113, -10.462994817657332]
[-13.693055742219777, 5.4667734440263, -13.114902714190077]
[-20.715412759111317, 15.854713495787786, -12.607406322507446]
[-30.899082594987572, 25.02410275676463, -8.213153539222017]
[-29.87133203403585, 26.159763572623547, -6.870798411347226]
[-29.61352066003274, 26.921484271968925, -6.0414715282936395]
[-26.401116396967335, 26.84071453382519, -4.9163419707467835]
[-18.250289875104176, 26.524861787664335, -0.6704950482923668]
[-18.317658311438727, 25.943089974931503, 0.5255469655376255]
[-16.58933965675118, 26.0162712945011, 0.9824882662597831]
[-16.590355459203398, 26.018356870133882, 0.9852147040268318]
[-16.59135297916745, 26.020414111252155, 0.9879046119084276]
[-16.59233225357766, 26.02244313164807, 0.9905579524313719]
[-16.59329331965604, 26.024444045452842, 0.9931746886845616]
[-16.59423621491129, 26.026416967133475, 0.9957547843206086]
[-14.590835843900479, 30.817279168242038, 0.8875721734887371]
[-14.59452216465952, 30.818509653771354, 0.8912485161035909]
[-14.598161543990802, 30.81976088608048, 0.8949023861364548]
[-14.601754033742495, 30.82103288805434, 0.8985336950719462]
[-14.605299686639938, 30.82232568241911, 0.9021423549838311]
[-14.608798556282444, 30.82363929174091, 0.9057282785389602]
[-20.757132428262643, 31.838637871700488, 0.6849267374840582]
[-26.9538880142365, 30.36848804203697, 0.2950404403513661]
[-27.374891204554455, 28.545507573346278, -0.7943323798357912]
[-27.37860904162668, 28.546971208514638, -0.7900199404346441]
[-35.21721534889369, 35.69359326787251, -0.8024060438740117]
[-35.83019538771906, 37.02517916124515, -1.4687344323923317]
[-35.101067385366626, 37.56744431133179, -0.8017842682352077]
[-35.129600317896845, 37.61073710070388, -0.8509535848877999]
[7.428542912508091, 9.288345763802278, -2.143084366478753]
[5.52940939170083, 3.168795229484867, -2.517416418366688]
[7.6044563450024905, 2.106837572024531, -2.7334012420144935]
[9.510489178004452, 0.2527013971675239, -3.2844807847778066]
[9.578940521654438, -0.8037756123103947, -4.502209330506633]
[9.75543751623251, -1.2052620313886049, -4.655018766773238]
[6.175076825859627, -10.772161629948616, -4.0866001035827]
[-27.963608288921826, -7.6774444589069155, -2.1247026404674045]
[-31.27982156130318, -7.328921129035346, -2.3149774604302835]
[-33.39103063866686, -7.701412636367689, -2.170283701083199]
[-35.236427362273204, -8.115616521621662, -1.9078773045906547]
[-36.8748182277282, -8.702380854953452, -1.751850776158736]
[-38.29657289387142, -9.530905129475206, -1.285052789621689]
[-38.87199187084097, -10.006965401615833, -0.6088535438547299]
[-39.0161581264638, -10.086642544229868, 0.2657988938724057]
[-39.51164077143034, -11.129007127651997, 0.8045136553404572]
[-39.40646395793011, -13.833353256312211, 1.7099289941149352]
[-39.591458040554606, -15.507696709778338, 2.521331243047855]
[-39.84196817131351, -15.095469348247539, 2.673744326681166]
[-40.329104835982626, -14.463106088195836, 2.0309525047854193]
[-40.67590848534507, -13.669227174575475, 1.651469056834998]
[-40.747640235958706, -13.807280318219847, 1.285424971551908]
[-40.72015836172648, -14.111996615230188, 0.9599543841057152]
[-40.404150105057184, -14.324027208982422, 0.8730401106477343]
[-40.68611505002372, -14.70872063988443, 1.0783947699287884]
[-40.37780552744664, -14.550111237169379, 1.1357233935895352]
[-40.533782958643286, -14.884024474426186, 0.8229261124845256]
[-40.72434576431945, -15.458281290313202, 0.6372857272482584]
[-41.108453339988685, -15.656928456009252, 0.8429950210799795]
[-40.892611381652415, -15.781260128426633, 0.8778421333762341]
[-41.501435240456075, -15.80073340250747, 0.31632781385345954]
[-41.852173052079564, -15.42078776290288, -0.029609511668628092]
[-42.4224219720326, -15.040147116099355, -0.7071226564570945]
[-42.341025843430536, -14.043607334841058, -1.1792955877877616]
[-42.25442979796793, -13.844828539023277, -0.8561432680317168]
[-42.23858193610177, -14.084840500857375, -0.49055579714069514]
[-42.218339315198286, -14.002817912783355, -0.519524713207685]
[-42.38996223512246, -14.143631825282448, -1.2466707338953862]
[-41.97280163874377, -13.74335883740568, -1.2533244809657902]
[-41.71085868964253, -13.154410123157342, -1.1685826940109072]
[-41.687469155920496, -11.179052792496963, -1.15587842955096]
[-41.2327351617407, -10.032501009775768, -1.1228156904846827]
[-39.92517364304517, -9.112232121777012, -1.0777037046310833]
[-40.20017384834824, -9.477587178088303, -0.8068510632190677]
[-41.22420937862941, -9.165395514320325, -0.5056480558296594]
[-40.64088449037912, -8.678821482355199, -0.9227839752388343]
[-40.671831020473384, -8.888945495557827, -0.824928862058642]
[-41.14894386134155, -9.147229617767644, -0.691975187978066]
[-40.32138198407311, -9.117869951372416, 0.1582743700698726]
[-40.54572489957533, -10.052815738188881, 1.0816382699531522]
[-40.105041249610686, -10.344692332541552, 1.1041475431637378]
[-40.84245332982085, -9.928810426666534, 1.0149904682300235]
[-40.20388301016959, -9.245387507736561, 0.4146701001180795]
[-38.43831081830484, -9.524493663412478, 0.15871498068251322]
[-38.40843387045349, -9.852117373136887, 0.3389882979593683]
[-37.79725797615552, -10.658216530699885, 0.33062869668404826]
[-40.45332232254316, -12.93082932872764, 0.8418153506554432]
[-41.805080035938225, -13.516013312726175, 0.9236815381947793]
[-42.29827203920232, -13.721416297262573, 0.5607967098018123]
[-42.76205602940769, -14.25156467256292, 0.08251552234760832]
[-42.60545900401167, -15.140819664055545, 0.33415204014857475]
[-42.29185965542566, -17.393906798107665, 0.1804069377196357]
[-42.30510661593061, -19.819343584964106, 0.4841075400641116]
[-42.12544489442285, -22.303240753183104, 0.9076807049920663]
[-42.42233216086674, -28.750241095770296, 1.682871944933049]
[-42.78582742761325, -31.084733642815667, 2.2714885246720007]
[-43.11294439651491, -32.804229993735696, 2.553772838566751]
[-43.111847265392825, -34.223291779581864, 2.643603893198421]
[-43.05871202837112, -35.49094080517453, 2.9274185583083336]
[-43.761447866492304, -37.83514954028694, 0.756191633961548]
[-43.71012247568877, -37.31637856541235, -0.16640550274622654]
[-43.82026143968074, -37.70879532353823, -0.3699538568974509]
[-44.12684051392757, -38.80328993944122, 0.4279458124409328]
[-44.55580377018867, -39.107609613362676, 0.8496661885258977]
[-44.61693783737803, -38.85172267371346, 0.6952602151235924]
[-44.66010721939071, -38.84015082365428, 0.6578594567454803]
[-44.57318948919146, -38.51606594195229, 0.03482834059888364]
[-44.32393563881431, -38.23542849896814, -0.3008028045838299]
[-43.55227428840722, -37.119129936807525, -1.0573257238710208]
[-44.06347526887552, -35.19391555595049, -0.7189252043832173]
[-42.718316212074974, -25.326257469160588, 0.9562347331038022]
[-42.50910665086348, -22.70500460777075, 1.2595841797194804]
[-42.52459372937217, -21.87631348483038, 1.088605167091431]
[-42.57969298309043, -20.858745217680255, 1.2664591868842168]
[-42.528594946296174, -19.876326154399955, 0.8185629045462781]
[-42.61291666753627, -18.445924895192455, 0.5002832358284907]
[-42.275107868519605, -17.126654326858294, 0.6535401073424514]
[-42.38737478977581, -15.63553934361822, 0.7911266294452343]
[-39.08937029929491, -9.519682589057215, 0.6497464084752437]
[-36.509356314906896, -4.274096337137113, 1.2214995342779755]
[-34.84718189259482, -1.677138497511828, 0.6350439261555876]
[-33.232453279635834, 0.36441641519159657, 0.07004359924927854]
[-32.285903553130304, 3.8802543247087127, 0.015908840955188252]
[-30.795430511885417, 6.965970048972568, -0.42115422524356144]
[-30.31405474257138, 10.144675954958437, -0.28446498458760733]
[-28.460306600738406, 15.71224775060135, -1.2500238555287064]
[-28.552558379107868, 21.224143767916228, -2.6859072042961762]
[-30.542704754002603, 22.83953655870171, -3.534821032785731]
[-34.1206472629396, 25.00974497791186, -4.3219783993013055]
[-35.40422430471556, 26.31935130742913, -4.732719902138465]
[-36.38910464999665, 26.57384972190802, -5.083861656871347]
[-37.122985634580964, 27.052441967164135, -4.889063775361636]
[-37.6242845841636, 27.400761092930136, -4.630216826844787]
[-38.12521790477527, 27.88173315972466, -4.4525845218058535]
[-38.849515268708586, 28.31334434354857, -4.07054693362492]
[-39.031464765338335, 28.362323303972218, -3.7518294730533603]
[-38.82448695022216, 28.329447587057842, -3.6878525301865754]
[-39.09744230897272, 28.33409508148801, -3.44052194624195]
[-39.08808064901251, 28.477837896632288, -3.452381685866563]
[-39.26610400069555, 28.47036357361168, -3.7409842331468015]
[-39.15186763500162, 28.125772437351962, -3.8058744162680744]
[-39.039287407128995, 27.774937940158928, -3.754774244057438]
[-39.09606409984892, 25.326323308115718, -4.654044732983718]
[-39.168432871905296, 25.090089395239055, -4.685870253315212]
[-39.03508515539902, 24.789749195209136, -4.795453220273401]
[-38.648604811452415, 24.493210733127217, -4.855550451277005]
[-38.17305411395433, 25.042323664184668, -6.308138671169853]
[-37.37501848550349, 24.707295514107315, -6.727406999736787]
[-38.034250635120436, 23.31541852144398, -6.921798905848615]
[-37.52594657772957, 22.586049411348952, -6.720763845927613]
[-38.77701936571772, 20.68872618992967, -5.790216198213163]
[-7.772138099930857, 13.366277890405867, -0.6340478317603081]
[-4.346309235699448, 25.446627103837027, 1.5778314609061241]
[-13.361538205518459, 27.0892154565479, 4.443312333710099]
[-15.398524245074833, 24.912211663743044, 4.606182062095187]
[-18.489203228137374, 23.22827266262643, 4.405608795783432]
[-20.13149700591626, 23.729874632313198, 5.027754570275387]
[-20.89918287554894, 23.240920456238157, 5.343138593205503]
[-21.176386832096608, 22.84673297457661, 5.569661906101629]
[-21.005211823387725, 22.652708601049802, 5.791987369859856]
[-21.55076464884318, 21.987492831752625, 6.652566388710804]
[-22.589411698644586, 22.258853285503793, 8.216012549551465]
[-22.558214815042064, 21.895620472846684, 8.620687955466554]
[-22.943500111265408, 21.047110267225147, 9.54074949667024]
[-23.41934602110749, 20.363827222167572, 10.11740510392724]
[-23.75632958078831, 20.07979225132028, 10.474692782277986]
[-24.20915579543052, 19.607135220188585, 11.085677092570132]
[-24.78938500849777, 19.355174947606375, 11.432478845119867]
[-25.35278725068395, 18.146862081041103, 11.58768685990829]
[-25.515709936283148, 17.263621249141732, 11.422836106838576]
[-25.891616527800473, 16.97414706436371, 11.444990260116072]
[-26.227521209726905, 17.46181712784821, 11.595571773844243]
[-26.499032473932697, 17.410443297456563, 11.563081603614089]
[-26.85739454194835, 17.261120921908034, 11.636896191375806]
[-27.199387153304514, 17.123180604697936, 11.536665896382294]
[-27.9595073238523, 16.560635447095166, 11.600484136601487]
[-33.15449618386999, 16.796013153233076, 11.947491498182263]
[-35.03970415512481, 14.662501224560419, 11.999916090650983]
[-35.326200555946556, 13.210439195951787, 12.1056086893904]
[-35.60885915108547, 12.43555172561479, 12.019553217975805]
[-34.99125209352193, 12.568293122313154, 11.263018740827674]
[-35.16492157598486, 12.295376801515125, 11.594306916052927]
[-5.7912497848148, 9.301490136397572, -1.6535908910301673]
[-10.682991763993487, -3.6272463867393614, 3.6077925884902777]
[-12.132342221893204, -6.335126462787282, 6.008845328153725]
[-14.241537966158829, -8.793928063926367, 7.565438130012386]
[-12.357392505064091, -11.71695807302149, 7.8597267090586485]
[-11.220961630606562, -12.80945486894339, 8.038097715075516]
[-10.226304760817541, -13.64466590606308, 7.597771050115729]
[-8.81432401869941, -14.216811885016636, 6.916123591816355]
[-6.992155226251345, -15.316128987768753, 5.461286359779537]
[-6.139426770970822, -16.353879071093388, 4.641982971414303]
[-6.779257876171338, -16.581513314888245, 3.9535038915572573]
[-6.889335543038396, -16.58201589394896, 3.56859353654749]
[-7.571686571933388, -16.588603233408453, 3.131892568698154]
[-8.472585300854997, -14.873281317258943, 2.847593364287084]
[-8.753969507994242, -14.61565365725604, 2.184505506800383]
[-12.731070438985736, -17.428635874916203, 0.09572885444543151]
[-34.69078122991399, -18.67923879331856, 8.419183223388846]
[-38.17659781781255, -22.974005461486897, 7.979039534126275]
