[-35.94157941119338, 14.966668109309898, -0.6331839863809219]
[-35.23887410739644, 14.051231478493248, -0.49037039383640846]
[-35.054212340229256, 13.919276163440287, -0.2858352217817745]
[-35.19737879706374, 14.022693389515423, -0.3249083388651507]
[-35.11666744298989, 13.773986525703622, -0.5120960898015544]
[-35.11514858469026, 13.398932587906113, -0.5690651947035198]
[-35.298610467344076, 13.160922852156965, -0.33194318584040455]
[-35.82855450350355, 12.862923074210103, -0.116036615479894]
[-36.820637119937196, 12.045897736055503, 0.3236459215560302]
[-41.1842106598735, 8.732868345470866, 1.4983234075058918]
[-42.179908028903824, 7.473872097993036, 1.5559460039918942]
[-43.5300856223922, 7.902430990941703, 1.3389835144562356]
[-44.154457862586625, 8.3080211902003, 0.6251908532892284]
[-44.953077403115635, 9.11241930808548, 0.07035305156355162]
[-45.05616440489825, 9.812190580358948, -0.381578050470976]
[-44.70452325672251, 9.992706633425286, -0.916731676423681]
[-44.92579451597427, 9.248853427259366, -1.6462357527222666]
[-43.89203666735982, 7.536884689693003, -0.12413054119478176]
[-43.84178025756612, 5.8657172298667435, 0.10530501431515199]
[-44.18963992407519, 4.620248383151894, -0.16605158358402253]
[-44.14750642392581, 3.438329720945585, -0.38150142728463216]
[-44.819605344919104, 2.339461670217833, -1.1066523321126265]
[-45.14892249774327, 1.9561398099397698, -1.419279786373522]
[-46.382506451183566, 0.24792810329005804, -1.3895101469959907]
[-47.11349036908167, -0.6382009501132493, -1.2308173900656263]
[-51.149769164578274, -1.5776911679875893, -0.04313887205707327]
[-52.51899889341575, -2.5738788257407084, 0.573004709460303]
[-52.34299637241961, -2.5336527682852314, 1.1126858787044889]
[-51.036784969775475, -2.225898675676111, 0.7949132642342435]
[-50.47086355092297, -2.277027112152843, 0.4079614651884284]
[-50.51954354026235, -1.6013804937991247, 0.5228246074670408]
[-50.65123499358155, -1.9222854679380588, 0.5568323507343657]
[-51.14409012506076, -2.6059510416326153, 0.3271761648659181]
[-53.03929736101168, -4.25357370223411, 0.5464522386781452]
[-53.61191802486718, -5.408965775018696, 0.39870851380763644]
[-53.382596700180116, -6.320969973393326, -0.019595636606380393]
[-53.29674064303589, -8.01959518812203, -0.45263760592958097]
[-53.779499684916615, -9.608003123854058, -0.7335180855338951]
[-54.55114470148555, -14.972294170641907, -0.47099920033129544]
[-56.722900645037136, -21.69989821576226, -0.38865587950309244]
[-52.33891577814877, -26.23778625778965, -3.856705656295621]
[-49.29227321081213, -30.385467381347183, -5.182656964125927]
[-47.67409904231667, -32.25686501281158, -2.3767423948299373]
[-47.39715529882084, -32.12856915709525, -1.848845107782535]
[-46.34649421648299, -33.32867214990301, 0.20863260051709503]
[-45.952499071923505, -34.17615605799485, 0.8674707724357827]
[-45.739588539276866, -34.84291047112644, 0.9791721260720551]
[-45.53871913656689, -34.62201414469756, 1.363136163534178]
[-45.26273082901611, -35.56250189370174, 1.7298851401259674]
[-45.08659984265878, -36.951045359362325, 2.7418811449100517]
[6.881651028936091, -7.14385809987914, 6.084733363580609]
[9.895113711812394, -4.9787586998741595, 6.831963945152292]
[12.268222114664221, -6.122513172076167, 7.537297771831941]
[13.505729369122943, -6.29603219852943, 7.128282243441978]
[14.55198827746985, -6.8333979901065485, 8.334217231997851]
[17.903491744612985, -7.775642304431367, 10.205974091515262]
[21.795751265155886, -22.574435949436946, 10.385689380217903]
[23.386147766748948, -20.81742677955589, 8.428925228659416]
[25.09759753475072, -19.264164994646976, 7.229324451275829]
[26.001545294867608, -17.86536690528895, 6.9154179687870565]
[26.50466077078298, -16.35791464269938, 5.800540977374654]
[27.26845745938272, -15.207538651808443, 4.745312825982551]
[27.326360136490734, -14.897004014754577, 3.908420620022503]
[29.294204562897324, -13.228654050968629, 4.859170110036469]
[33.9992906642698, -12.112334924745063, 5.373406035919978]
[39.250886007150534, -8.331289611309387, 3.591823080582345]
[39.182959349883376, -8.216847909683985, 2.8727461247099626]
[38.842770531692, -7.794501618242007, 2.5731885766403257]
[7.725156885770229, 4.604019255445653, 3.005500520397962]
[7.80597954323987, 1.467396806860315, 5.094338014943317]
[9.13436089459515, 1.829203606150382, 4.666169049920856]
[9.670326722294599, 2.0110003106319767, 4.268964993031761]
[9.482433547107343, 3.1439895647416396, 3.1155217092031724]
[9.680353033495015, 3.5394225040858642, 2.4581393897498196]
[10.086590189944086, 3.8793367943060804, 1.8288871618177498]
[9.69289275048518, 4.5959333228778165, 1.2218323473017145]
[10.123423530796169, 6.884207127047277, 1.1655012123200115]
[9.142363287619968, 8.773879231996087, 0.3101352449575999]
[4.469638553549592, 8.36674127639237, -2.3859787150289744]
[8.489333676948476, 14.16730349585333, -6.513327691846892]
[8.665304635708134, 19.697025826307087, -8.064595833958812]
[10.197923945508117, 21.929065116534893, -9.27250966094568]
[11.783186701257371, 23.322166952417064, -10.170763150770187]
[14.215944687984985, 25.533333102221118, -11.044220665397612]
[17.564795840007264, 28.733904512059077, -12.532901092435228]
[19.59939325259458, 29.596708374634165, -13.348113389253214]
[20.448945225856022, 29.731557691977155, -13.805880064782578]
[21.39232899603592, 30.700409558583875, -14.88833024551142]
[22.96389835646206, 30.576034165378946, -16.211142933882527]
[23.37553094323295, 31.107984947600833, -16.941547831663424]
[20.132408872793047, 31.7870531773482, -17.67036476570021]
[21.11461118178106, 33.598769532915064, -18.138103739174127]
[6.341547151707, 44.922155768500666, -7.580499908870246]
[6.614179793165679, 45.808052998347925, -7.279376301562915]
[7.091273717995971, 45.74768083328915, -7.122359507543744]
[7.065947064667447, 45.77909066703143, -7.158032272011706]
[7.075669392476544, 46.01192977950853, -6.98200520104739]
[6.77127665681221, 45.84282602027474, -6.765016027394001]
[6.717699765866454, 45.45801598873769, -6.653918566265983]
[5.538546040715588, 45.01766346577819, -5.707369082993263]
[5.757332596887724, 45.138485293809254, -4.9806144532272985]
[5.780260315104046, 45.43240471917049, -4.609757943564917]
[6.542893798285555, 45.76489633607309, -4.094059535153007]
[6.6799251946812825, 45.77456346345231, -4.005948498147552]
[5.628526844025353, 45.523843730823586, -4.015549408218933]
[5.546989347899502, 45.43270366117642, -3.9576004938763933]
[5.401435661984279, 44.87573930018401, -4.114793701260064]
[5.036772664024207, 44.819501666911265, -3.9926235055285324]
[5.003485429842555, 44.89765180975783, -3.7737260260722447]
[4.921791979925761, 44.97699195017112, -3.6253688484794866]
[4.773582226814148, 44.755680872120664, -3.825942438895983]
[4.539073899301485, 44.76127150451905, -3.892380944653689]
[4.63277254729044, 44.891567016610814, -3.77187768398321]
[3.742358139602352, 44.455752992381605, -3.8734739610769724]
[4.283124861451439, 44.81359323380613, -3.4729509106870022]
[3.937738590914634, 43.08220798747698, -2.748292777441685]
[2.562873356610091, 42.24537221720759, -2.486175744046308]
[1.7079204779346744, 41.668317588220724, -1.9826873162960237]
[1.0517328842345386, 41.479796880640656, -0.7274096634235114]
[0.33307436739512025, 41.203721402445076, -0.062004188402899306]
[-0.7988223499891555, 40.75095627686615, 0.5804494921142991]
[-2.52151467368145, 40.08911592773499, 0.8729901930950188]
[-3.098428938165446, 39.54332185542575, 1.0939885198320787]
[-1.0734795046025458, 22.8233309126776, -1.3883140410415966]
[-12.900177061416668, 23.322193383398165, 1.8968139781500832]
[-15.918983896517371, 22.621648930250448, 3.1858750857052294]
[-17.8060306871655, 21.685470078675333, 3.4108811688714793]
[-19.022197808736728, 21.092412154721043, 3.411459814280593]
[-19.766806611307363, 20.343252163303394, 3.5204443846901015]
[-20.825838165140006, 20.501131450263003, 3.6608536391246327]
[-22.058336018746395, 20.463727314228542, 3.8233666083179147]
[-22.773969797251805, 20.522946610509837, 3.7380218090392505]
[-24.055208875260057, 20.3679140644782, 3.8613812948026784]
[-25.03289752302804, 20.242167295287743, 3.6458803541228813]
[-24.97427690089562, 19.992638736428635, 3.9329481261679766]
[-24.948512055123896, 20.117609698852117, 4.368286518547136]
[-26.313052882750753, 19.88541323425485, 4.348949803955078]
[-26.867482414558857, 19.722960295414264, 4.7260699382264235]
[-27.345116550485297, 19.778728111453646, 4.883445193911315]
[-27.40009075473181, 19.799078592333274, 5.201138520226546]
[-35.48713459827891, 19.546186504124066, 4.023382381912437]
[-40.70235308443227, 19.945872217399565, 2.5238914274666575]
[-42.892135212010416, 19.481096581537827, 1.3464705860249395]
[-44.146794537993024, 19.00782421168413, -0.19344332844566473]
[-44.2701965786974, 18.930954903540993, -1.288407004619601]
[-43.75958229530767, 18.385930267881704, -2.053402474836914]
[-43.167737497369465, 18.39588355629192, -2.4140565986768987]
[-42.66154132127144, 18.09385490963282, -2.7239430123787316]
[-39.652113542599004, 15.07915981437839, -1.0113329768667019]
[-38.906318758578294, 13.938625148078795, -0.6181274162425491]
[-38.029162814414974, 13.099592629739337, -0.43371264936308773]
[-37.237543822445716, 11.732461699345826, -0.06850956583496227]
[-37.222317903293984, 11.109427538384313, 0.1465757672672855]
[-36.968449277101115, 9.65914578347989, 0.5775247997041574]
[-37.22117765530528, 7.292406125383031, 0.2208093713999152]
[-37.79716509827161, 6.646503807641662, -0.36971667990060597]
[-40.41929808736276, 3.5522681616623752, -0.020893271439561722]
[-40.76616438148643, 1.9882458311601112, -0.8642308863632726]
[-41.24849380033199, 1.4025711702449628, -1.1357653773342566]
[-41.48257297148616, 0.8807711179997791, -1.676280537978406]
[-41.9529340639941, 0.30263684738390817, -1.8734549988972415]
[-42.14969749802688, -0.9456348954916155, -1.6969321935974775]
[-42.23954765590163, -1.4746669989377599, -1.5803157261191711]
[-42.30282461328147, -2.0471637909369385, -1.7257515186726684]
[-42.84604050834032, -3.93644138953997, -1.3511572436670662]
[-43.014620011254465, -4.572518554465258, -1.1701661779555612]
[-42.9949886679578, -4.779073155741786, -0.9691343874875242]
[-43.525831633007975, -5.548048331210137, -0.6370817618014806]
[-43.3347749686161, -6.097791301999967, -0.6296194801369127]
[-43.494006912162384, -6.641356881980915, -0.4978092170798702]
[-43.92219231560326, -7.182487520050833, -0.6021143928255644]
[-43.807757899034925, -7.207284895792279, -0.42277136856270225]
[-44.8807238972921, -8.251157106524131, -0.14279575164867236]
[-45.23140950622052, -9.419901186525333, 0.02543624814152319]
[-44.90342893484764, -11.152190467683008, 0.325843243801007]
[-45.378116621378844, -11.645908314960932, -0.06882062933337735]
[-45.20871591202927, -12.201775156455136, -0.4160625814832735]
[-45.26940960415959, -12.289335555502118, -0.12155253843077368]
[-45.610575120028045, -12.964091564121949, 0.01922807155261413]
[-46.220396006063716, -14.446331136185586, 0.017548241650576828]
[-46.34935732268775, -15.13236691164533, 1.3831814844026542]
[-46.47004179124057, -16.104952713849023, 1.5820898332045488]
[-45.98976754927545, -18.7956188282851, 0.5065054434077451]
[-46.926779749029485, -21.01654270634583, -0.7942693842208876]
[-46.807311092438304, -21.919147757096393, -1.1642507028901363]
[-46.698684557280046, -22.32848040454602, -1.1884021365478827]
[-46.33427402434763, -23.18862131653329, -0.9431663772682571]
[13.881549127867416, -1.9355276575017255, 12.150846414765423]
[20.093818857840436, -3.2582055466881203, 10.870123069688816]
[31.47088329773059, -3.1641541200829617, 10.916203339927032]
[34.248663783259175, -1.3772237456763474, 9.944358501937442]
[35.38972333185054, -0.8038964424327285, 9.281919904674666]
[37.44040734332213, 1.3660368060644035, 7.954272748973689]
[36.34072159856753, 2.0129501972147894, 6.847539929811934]
[24.8016172986808, 21.265993586465697, -2.722521093827345]
[11.39036378996999, 15.201435040738879, -10.7506324236723]
[6.394198336877131, 22.225646094410802, -11.64620984922617]
[7.743678663065935, 33.30767351298171, -10.454175640182214]
[7.704549526692372, 35.6353683200716, -8.980142329323993]
[7.518045959659057, 35.58894088490403, -8.709222779018729]
[6.81691035049337, 35.52221862973594, -8.40525257824929]
[6.6370763447084045, 35.31557382188296, -8.108808535817712]
[6.607765223275045, 35.33655205080523, -7.983734648524362]
[7.485904757309831, 35.228620496075756, -8.27265730411617]
[14.806177364715941, 34.964984463519, -11.753599022149805]
[17.02112786442844, 34.199562480640026, -12.93008335129393]
[17.338573499555444, 34.478516493035976, -13.836280622197341]
[17.77420084922675, 34.546483943951564, -13.970440304469479]
[17.466017172899004, 34.31595694258811, -13.779178144039648]
[17.224636479800456, 34.13377910017766, -13.602085836964783]
[16.769386055913934, 33.92362001404124, -13.353849861878317]
[16.856048277952997, 33.37525160989416, -13.170255065225996]
[17.8146854114678, 31.180381596225267, -10.669301097539227]
[18.918033956173158, 30.246935220015484, -9.805946250470857]
[19.896628104477184, 29.678810598200734, -8.922603478843492]
[21.18078938463375, 28.45722802527196, -7.835038440693127]
[21.77933022282654, 27.119771848008114, -6.423618999173737]
[21.881703077607416, 26.77295485209281, -5.857704817929324]
[21.443230579212322, 26.27777248177523, -5.437212743421519]
[22.343780311980378, 25.302912592150463, -4.64066613063624]
[22.68809475772781, 23.9635531948463, -3.936223581008449]
[22.495579054189324, 23.195793694910776, -3.110502604891178]
[22.764958757062335, 20.899888266560957, -2.649135078493637]
[23.463586913834252, 19.264906103775722, -2.3005054856955147]
[25.1058005626518, 18.15076481792011, -1.9964860620839042]
[26.54231333807676, 16.671957702966434, -1.2901952753209989]
[27.354816623119394, 16.61070705414132, -0.6615796353592394]
[28.284378051946018, 16.87069598856874, -0.017617340470637784]
[29.522439642179076, 16.26136865775226, 0.8065673505270439]
[29.35345649926651, 16.59889661658765, 0.8759645139828519]
[22.88658924251251, 18.952060890849136, -0.5753942387566845]
[24.42308691044158, 18.123102301777262, -0.2173926131866556]
[25.61878810855057, 18.089506407404283, -0.11915299179201302]
[25.15893710595865, 18.461700903338862, -0.16623729999613995]
[24.72888522777038, 18.805951026444422, -0.4386608947772546]
[23.574471399861757, 19.399942812320038, -0.6770214284370119]
[22.724948845647805, 19.973760173764326, -1.1547625760507008]
[21.529288799431487, 20.63262236917016, -1.3291134184144888]
[20.854529391133163, 21.043040591385072, -1.639427917285196]
[19.36349320658443, 21.953806461913743, -2.291580878318976]
[19.235930231591976, 22.148881525172065, -2.522339982316025]
[19.154638180757825, 22.212481890151977, -2.5803246279308256]
[19.863941572744277, 21.997159904567138, -2.616698569918852]
[20.102145688696105, 21.690883517782517, -2.6541165898221624]
[20.276853788494204, 21.21659288089372, -2.595338943993827]
[20.442138127935287, 20.228468136881613, -2.2881842861453903]
[20.881919072146754, 17.5458582635671, -1.700025619779838]
[21.38268620338576, 11.800220326861647, -0.0075790590535435]
[22.073771789850852, 9.847334071026046, 1.0324595591526224]
[22.72695470124369, 9.481139129333926, 1.2268493144464174]
[22.495488547914974, 8.829398629580997, 1.0723699809486495]
[22.331735240762615, 6.9318921198365935, 1.4229335962736338]
[22.880882129567045, 5.660489079927619, 1.9392098527406547]
[22.83657126801431, 4.452854713303686, 2.2988436558524588]
[22.09234385867541, 2.063573120129513, 2.756431439245432]
[20.153965156711653, -2.139114854190038, 4.264654281383039]
[19.236463904434633, -4.7131269217472305, 5.108811653367527]
[19.330319137215653, -7.07062807915519, 6.224908906270963]
[19.971347600204044, -11.86512924393188, 6.759083018592649]
[19.943337793150025, -13.974965876482116, 6.869324191363392]
[19.177485831005047, -16.15513253516682, 7.262420017827782]
[17.62157273302392, -18.686387173212456, 8.181915762395391]
[17.240541452344374, -19.61160852920538, 8.89890962063736]
[18.879776295510982, -21.62036677837443, 11.080401576740817]
[19.9776824097724, -22.594579969002375, 11.905932187515674]
[21.368931354630487, -24.165398113320688, 12.901666721167906]
[21.67982500020125, -27.061046832218587, 14.035494997021619]
[22.09649999656055, -30.33489988665499, 15.67088472162247]
[23.596422567118232, -32.734303110985195, 16.609357495418838]
[24.942814997485588, -33.82445429008963, 17.3236951523423]
[26.4245092610174, -35.127052030074374, 17.870518515668522]
[27.126538069083217, -37.86929292355904, 17.085770475949243]
[-7.181904139639617, 12.557422471638398, 1.005487472436195]
[-9.770527675280087, 18.459998837370687, 4.932221854210483]
[-10.548855875316965, 19.51521229651794, 4.645524625721693]
[-11.755753419861682, 22.34079310074352, 4.476010297774216]
[-13.757077302561898, 24.768751029284, 5.203428046553438]
[-15.430491720221065, 26.11610630896947, 6.025660474217957]
[-15.858445242000567, 26.48448579339737, 6.277954411416865]
[-16.789857771205526, 26.5770873445747, 5.951481498575969]
[-17.343489249884726, 26.36585189445383, 5.86461603618218]
[-21.542749597664105, 29.18211602309335, 6.635243824061529]
[-26.752897293677048, 30.381428033948353, 5.470862323443473]
[-30.80729980016233, 30.309390375753775, 4.704499393389179]
[-33.21624413461857, 30.81761461682941, 4.3590871115327126]
[-35.76834841467302, 30.732222500811414, 4.187398752403659]
[-39.4451844106567, 32.33539883636803, 3.488563569443557]
[-42.149629386405444, 32.506887091221266, 3.4383535514856356]
[-44.00462754280157, 31.14135443166486, 4.163232785659725]
[-42.136977092816956, 33.026233175333616, 2.1978811832185596]
[-41.1261730314908, 34.86896579421769, 0.8167230937315983]
[-38.95492058433637, 32.940439655090955, 0.7869394147051423]
[-39.02437441391331, 34.41089377412811, 0.07045276569516958]
[-39.79883921698942, 32.65598120199926, 0.7727022726154711]
[-39.038750294808914, 32.943264375806564, -0.45042434094535827]
[-40.47370573925448, 33.07302005058968, -1.3983975409725729]
[-41.36918847433274, 34.558320145587516, -0.7468442969129487]
[-43.101135454183996, 34.2259576799361, 1.5510933921055372]
[-41.875709738313965, 32.87379185434176, 0.449576228382706]
[-40.118667654290796, 33.297139577882895, -0.19957491706777414]
[-41.79183238226582, 32.80857460941423, -0.4832772309680103]
[-41.80767758583929, 32.37105697613406, -0.7005589593619931]
[-41.93359942020496, 32.81269267886637, -0.8698480839464431]
[-41.724135984986994, 32.48535986963095, -1.246599411633012]
[-42.04855320298717, 32.38515111481736, -1.4384162080662444]
[-41.61879238136704, 32.386328138638824, -1.566960495247325]
[-41.88167840831245, 32.45678280639453, -1.5133220712643833]
[-40.55148143308771, 32.792127441258025, -1.4545191826472859]
[-40.08104818096262, 33.047062531172614, -1.7336672758603098]
[-41.81935329236026, 33.868479991573714, -1.2893656451648536]
[-41.422791095140774, 34.229988643253606, 0.2647968682647237]
[-40.2385511768497, 32.43921669634034, -0.9235654733164343]
[-39.410940781974126, 32.54562184837404, -1.4241378877188866]
[-39.21375042164934, 32.49989436313259, -1.2934828695537797]
[-39.62754065092412, 32.738171964866865, -1.2803208541015156]
[-39.85614143911177, 32.75259566076148, -1.4552000659511741]
[-40.85864811921366, 34.54499071732708, -0.9367661556462485]
[-41.63187079965985, 34.1500252122832, 0.47940715323797856]
[-39.83379857887323, 33.22369503584738, -0.4740126372338072]
[-39.66678899077549, 33.296171462521094, -0.9722018404151882]
[-41.151278382484605, 33.44831153024236, -1.0924880693491723]
[-38.79154434994809, 30.62320716652788, -2.1257359909926525]
[-38.2776675574932, 28.59525222338273, -3.411544642179215]
[-37.79067111499081, 28.519428706576978, -4.159844518457786]
[-36.72020514967263, 28.10985636005722, -4.831662716962204]
[-36.52196887284612, 27.566266704883553, -5.051758498729803]
[-35.641036473338765, 27.457165106478143, -4.974848642144755]
[-35.489635288882056, 27.249095360625493, -4.992705879592744]
[-35.747088879372306, 27.108673599452665, -4.997254782896321]
[-35.69038004938505, 26.805060699999697, -4.955039295752312]
[-35.742830212872875, 26.51776399059004, -4.885557248107941]
[-35.809625930518905, 26.069377793940387, -4.860808340770545]
[-36.21145840977633, 25.912191196569058, -4.908177542722649]
[-36.4815204709611, 24.61680578073502, -4.815919206465168]
[-36.334977481954176, 23.147585822359826, -4.654584122738222]
[-35.330288385918735, 21.835996088343467, -3.5635226816894123]
[-35.369715983342736, 19.676580089599398, -2.439027473604882]
[-36.19886005656854, 11.502943309421235, 0.6063450879366371]
[-37.688399873268544, 7.332931045913923, 0.721218763910938]
[-37.5100439629784, 5.101757172956119, 0.689710689167123]
[-36.78388300454796, 3.522190678858272, 0.7911978289402797]
[-37.55263125597697, 2.578484508770837, 1.2313667099933447]
[-38.098651643645525, 0.3929937637044741, 1.2463971326914751]
[-38.651695164752184, -0.6549532310300444, 1.5502622031065458]
[-38.5134796435992, -1.8241249183194166, 1.9305216088156751]
[-38.05987593436817, -6.968291525490134, 5.541077016652627]
[-38.27710806799165, -12.776418505422445, 7.767755771765462]
[-38.255400113133724, -17.56433079125319, 9.507959982393826]
[-37.245216021305275, -24.98416304265634, 11.697802691928468]
[-39.12424294599444, -30.17969902896851, 14.425022436862836]
[-38.40349767751296, -39.08740902039691, 15.660550527733308]
[-38.01050128259854, -41.089374571260535, 17.800854163063875]
[-38.563805922230316, -41.86246272219284, 19.080304533067054]
[-40.644410559987755, -43.932934546398165, 19.36580770812563]
[-42.38216414595776, -44.74773201143773, 18.62831051441229]
[-42.03088417647018, -44.94587643874291, 18.612913500476683]
[-41.341846295634795, -44.16041292549228, 18.474592423973505]
[-16.200847544498018, 19.85844746230292, -2.3026620264563498]
[-24.268901170774665, 17.60656428534975, -3.4646122006089124]
[-26.11262677677378, 17.439564345739115, -3.3142275321453885]
[-26.400665282588385, 17.51018450151848, -3.0539258435322854]
[-26.375079225847117, 17.767063116084014, -2.963773556709044]
[-28.244447612342697, 19.788948833610927, -2.901974813297313]
[-29.55135885476924, 21.000400505861023, -3.2025323937681227]
[-32.60965652604903, 22.458585660838555, -4.366139489916894]
[-34.63171348978423, 23.57171706150641, -5.048630888078083]
[-38.238336450373026, 26.585765614733916, -5.021620681809561]
[-38.45563769374043, 26.776667031140384, -4.949102080579124]
[-38.7339378764334, 26.960875451442927, -4.922407841608441]
[-39.12453411734365, 27.188228474493496, -4.993812731314875]
[-39.096397490989645, 27.40526128422403, -4.801636789913109]
[-39.36416316214282, 27.467845802622886, -4.80133352263253]
[-39.59720890364105, 27.701650317514684, -4.703735931036732]
[-39.64930599872612, 27.653924132570726, -4.6449094667773885]
[-40.229004700494954, 28.882736448701987, -4.4084331232795275]
[-40.94692018177354, 29.296775437845724, -4.334004977480663]
